210
1 0 0 34 53 64 35 46 63 56 33 43 52 25 26 23 16 24 15 42 32 14 47 62 36 57 13 48 65 75 73 41 31 61 51 21 74 37 86 71 67 66 76 27 18 17 22 83 84 78 68 58 28 38 88 85 82 87 77 81 72 12 11 -1
0 1 -4 43 35 56 42 36 46 25 65 57 66 64 63 33 34 23 48 52 37 47 26 38 15 58 24 32 12 68 53 62 27 75 85 73 74 18 76 67 82 13 14 17 16 11 28 86 87 84 83 0 77 88 78 81 72 61 71 0 41 51 21 31 22 -1
1 -1 -14 34 53 64 35 46 63 56 33 43 52 25 26 23 16 24 15 42 32 14 47 62 36 57 13 48 65 37 66 75 68 58 38 41 67 27 85 86 18 84 76 87 74 73 82 21 31 51 22 83 88 28 11 12 17 77 61 72 71 78 81 -1
0 -1 26 34 53 65 24 33 36 35 42 63 46 43 66 56 75 23 47 25 13 14 64 74 83 52 32 26 61 12 62 73 15 16 84 31 51 37 22 58 48 38 28 67 57 76 87 68 78 11 17 18 27 88 72 77 21 41 0 81 71 85 86 82 -1
1 1 4 34 53 64 35 46 63 56 33 43 52 25 26 23 16 24 15 42 32 14 47 31 62 57 41 36 13 22 74 65 11 12 21 37 27 73 83 51 76 85 84 18 86 75 61 72 66 71 68 17 48 58 67 38 28 78 77 87 88 0 82 81 -1
1 -1 -4 34 53 64 35 46 63 56 33 43 52 25 65 24 66 32 57 42 37 61 36 62 51 41 26 76 75 38 14 47 15 73 74 67 68 48 21 31 71 23 13 83 85 86 87 84 82 77 88 78 58 16 17 27 18 28 22 11 12 81 0 72 -1
0 -1 4 65 46 34 75 36 35 26 63 56 57 68 33 67 24 43 25 66 47 48 76 15 16 17 52 37 38 14 53 58 64 28 23 86 87 84 85 73 74 32 83 42 13 12 51 41 27 61 31 62 72 21 77 71 22 78 81 82 11 18 88 -1
1 1 14 34 53 64 35 46 63 56 33 43 52 25 26 23 16 24 15 42 32 14 47 62 36 57 13 38 73 37 61 31 51 41 21 22 75 74 65 66 85 83 84 86 68 58 48 78 27 18 28 17 88 12 67 76 77 72 11 82 71 81 0 87 -1
1 -1 -6 34 53 64 35 46 63 56 33 43 52 25 26 23 16 24 15 42 36 65 74 75 12 61 32 84 47 48 41 51 58 31 38 73 67 66 57 21 76 87 72 62 82 37 71 81 83 14 13 22 11 17 18 68 86 77 28 27 85 78 88 -1
1 -1 -10 34 53 64 35 46 63 56 33 43 52 25 65 24 66 32 57 42 37 61 36 62 23 76 75 73 83 47 38 48 58 72 86 77 67 78 26 16 88 15 14 27 68 13 28 82 81 74 71 51 41 31 21 18 17 22 84 85 12 11 0 87 -1
0 -1 4 34 53 65 24 63 64 52 56 75 66 46 36 33 42 67 43 57 68 31 74 32 51 83 76 61 58 41 86 23 13 35 25 47 62 85 37 77 84 87 88 71 82 78 22 73 21 11 12 14 72 26 15 81 0 16 17 48 27 28 38 18 -1
1 -1 -14 34 53 64 35 46 63 56 33 43 52 25 26 23 16 24 15 42 32 14 47 62 36 57 13 48 65 37 66 75 68 58 38 41 67 27 85 86 18 84 76 87 74 73 82 21 31 51 22 83 88 28 11 12 17 77 61 72 71 78 81 -1
1 -1 -8 34 53 64 35 46 65 43 63 36 32 42 31 66 56 74 73 75 33 47 84 52 62 23 76 85 86 72 67 51 14 13 24 41 25 83 61 71 37 57 26 15 81 82 16 38 12 22 68 58 28 18 48 17 11 21 27 78 77 88 87 -1
0 -1 22 65 46 34 75 36 35 47 43 24 33 53 63 32 25 14 16 26 15 17 31 52 42 41 13 12 51 23 57 56 48 38 37 68 58 64 73 61 71 62 72 66 67 76 74 82 86 81 83 84 85 77 87 22 11 21 18 88 28 27 78 -1
0 1 -28 34 53 65 24 63 64 52 56 75 66 46 36 67 76 85 86 87 73 57 43 74 61 82 68 35 62 47 26 48 38 37 58 15 28 25 14 42 33 41 31 21 16 27 77 72 84 83 81 71 51 13 12 23 88 78 18 32 11 17 22 -1
1 0 0 34 53 64 35 46 63 56 33 43 52 25 26 24 75 42 31 62 61 86 65 76 66 74 57 73 36 67 68 47 38 16 32 72 23 13 81 77 37 78 88 87 85 84 58 71 83 48 51 41 15 14 27 17 18 28 12 22 11 21 0 82 -1
0 -1 44 56 64 43 57 63 53 62 36 75 74 85 86 87 73 66 65 76 52 48 67 83 58 68 77 46 33 84 61 35 42 88 37 47 32 78 25 34 38 16 15 26 24 72 27 28 81 14 23 18 82 12 13 17 11 22 31 21 0 51 41 71 -1
0 -1 34 65 46 34 75 66 64 63 33 56 57 43 73 36 37 74 26 85 84 86 76 83 53 62 25 87 42 52 35 67 51 58 48 38 61 47 78 28 68 88 77 16 27 31 41 71 82 32 22 11 23 81 24 72 21 12 13 17 0 14 15 0 18 -1
1 1 10 34 53 64 35 46 63 56 33 43 52 25 26 24 15 42 36 65 16 61 62 23 47 14 75 76 67 66 57 85 74 37 48 38 28 84 73 51 32 41 13 77 88 58 31 72 78 68 87 86 83 18 81 17 27 12 71 82 22 21 11 -1
1 -1 -20 34 53 64 35 46 63 56 33 43 52 25 26 23 16 24 15 42 32 14 47 62 36 57 13 48 65 37 66 75 68 58 38 41 67 31 76 77 84 85 88 78 73 74 83 27 17 72 71 82 86 51 81 22 11 12 21 18 28 87 61 -1
1 -1 -12 34 53 64 35 46 63 56 33 43 52 25 26 23 16 24 15 42 32 14 47 62 36 57 13 38 73 37 61 41 51 74 31 83 65 66 76 22 68 67 11 75 86 84 85 87 72 81 82 21 12 71 88 17 78 77 18 27 58 48 28 -1
0 -1 16 56 64 43 57 63 53 62 36 65 75 46 34 35 25 76 33 66 67 47 58 38 74 48 68 78 37 86 42 73 85 84 52 28 61 26 82 31 51 83 87 14 16 27 72 81 71 41 32 88 77 21 22 12 11 17 18 15 13 23 24 -1
1 -1 -30 34 53 64 35 46 63 56 33 43 52 25 26 23 16 24 15 42 32 14 47 57 36 73 13 41 68 37 38 27 67 31 62 66 61 51 21 58 48 17 18 12 72 28 11 81 22 71 84 82 76 77 75 65 74 86 87 88 78 85 83 -1
0 1 -18 56 64 43 57 63 53 62 33 35 36 46 25 74 52 65 34 47 66 37 48 51 26 42 75 23 32 41 83 27 13 38 21 84 85 31 61 73 24 17 16 15 14 12 18 28 82 76 67 78 11 22 72 87 58 77 68 81 71 86 88 -1
0 -1 10 34 53 65 24 63 64 73 36 43 42 35 56 46 47 32 66 33 23 25 14 16 52 15 13 12 26 31 75 62 41 51 74 17 61 71 22 84 85 86 76 87 82 37 28 67 57 77 88 83 78 81 72 68 58 38 48 11 21 0 27 18 -1
0 1 -24 65 46 34 75 36 35 26 63 56 57 64 43 53 52 67 33 66 76 74 85 83 47 84 86 87 68 48 58 78 16 38 37 25 27 15 23 73 14 42 24 32 28 18 41 12 62 72 17 13 81 21 82 71 61 31 88 51 11 0 22 0 77 -1
1 -1 -12 34 53 64 35 46 63 56 33 43 52 25 26 23 16 24 15 42 32 14 47 62 36 57 13 38 73 37 61 41 51 22 74 31 11 65 21 12 68 84 48 83 75 66 28 27 18 17 72 67 82 81 71 0 78 77 88 87 86 76 58 0 85 -1
0 -1 32 65 46 34 75 36 35 47 43 24 33 53 63 66 57 32 56 42 31 68 25 67 48 16 26 51 41 21 15 58 23 38 17 13 37 12 14 18 22 62 61 71 52 11 72 85 64 76 78 88 77 74 84 87 86 81 73 83 82 27 28 -1
1 1 8 34 53 64 35 46 63 56 33 43 52 25 26 23 16 24 15 42 32 14 47 62 36 38 13 37 73 41 31 21 51 61 65 66 57 48 68 83 58 78 75 76 74 67 82 84 85 86 87 27 72 71 18 12 28 81 88 77 11 22 0 17 -1
1 -1 -10 34 53 64 35 46 63 56 33 43 52 25 65 24 66 32 57 42 37 61 36 62 23 76 75 73 83 47 38 48 58 72 86 77 67 78 26 16 88 15 14 27 68 13 28 82 81 74 71 51 41 31 21 18 17 22 84 85 12 11 0 87 -1
1 -1 -10 34 53 64 35 46 63 56 33 43 52 25 65 24 66 32 57 42 37 61 36 62 23 76 75 73 83 47 38 48 58 72 86 77 67 78 26 16 88 15 14 27 68 13 28 82 81 74 71 51 41 31 21 18 17 22 84 85 12 11 0 87 -1
0 -1 6 34 53 64 35 46 63 56 33 43 52 25 65 24 66 32 57 42 37 61 36 62 51 41 26 47 15 14 13 16 23 38 17 68 31 21 27 76 75 85 58 48 67 78 84 83 86 22 11 12 82 72 71 74 81 73 77 18 28 88 87 -1
1 -1 -8 34 53 64 35 46 33 36 65 43 56 63 42 31 52 23 41 24 37 47 32 25 13 38 14 67 74 51 61 15 62 71 22 75 66 57 86 73 16 11 27 26 21 84 81 12 83 28 48 58 85 76 87 17 18 82 68 88 72 78 77 -1
0 -1 22 65 46 34 75 36 35 47 43 24 33 53 63 52 26 23 42 25 41 16 13 32 56 64 15 76 66 57 86 74 67 85 31 68 37 22 48 28 84 14 17 21 77 73 83 88 38 58 78 87 11 82 18 12 72 27 0 71 81 61 51 62 -1
1 0 0 34 53 64 35 46 63 56 33 43 52 25 65 24 66 32 57 42 37 61 36 62 23 76 75 73 83 38 14 13 12 74 85 84 67 58 48 47 68 78 15 16 17 26 51 31 41 86 87 22 71 81 27 72 77 18 28 88 82 11 21 -1
1 -1 -4 34 53 64 35 46 63 56 33 43 52 25 26 23 16 24 15 42 32 14 47 62 36 57 13 48 65 75 73 41 31 61 51 21 74 37 86 71 67 66 76 68 77 22 11 12 81 88 72 87 58 82 83 84 27 38 85 78 28 18 17 -1
1 1 12 34 53 64 35 46 63 56 33 43 52 25 26 23 16 24 15 42 32 14 47 31 62 57 13 36 41 51 61 71 22 73 37 48 65 66 68 67 78 38 75 74 77 85 21 11 12 17 83 76 58 84 27 88 72 82 81 28 18 0 86 87 -1
0 -1 18 56 64 43 57 66 46 36 75 53 35 34 26 58 63 47 32 33 52 65 37 67 42 25 76 74 68 38 85 73 15 61 24 23 51 84 48 78 62 72 83 31 22 41 27 86 81 21 77 17 16 11 12 88 87 82 18 71 0 13 14 28 -1
1 -1 -18 34 53 64 35 46 63 56 33 43 52 25 26 23 16 24 15 42 32 14 47 62 36 57 13 48 65 37 66 75 68 58 38 41 67 31 76 77 84 85 88 78 73 74 83 17 18 72 81 82 71 61 51 28 27 22 12 21 11 0 86 87 -1
0 -1 18 43 35 56 42 33 53 63 66 34 24 65 62 36 26 25 37 52 16 31 51 61 64 73 47 76 46 41 75 23 32 15 14 74 85 86 87 67 84 83 82 57 58 48 38 78 68 28 27 18 17 13 22 77 88 21 11 12 71 72 -1
0 0 0 56 64 33 34 43 46 53 42 32 63 23 66 65 36 35 24 57 75 25 47 67 58 74 14 16 15 13 52 26 83 84 85 73 31 61 41 62 82 51 71 77 76 86 37 81 72 21 88 27 87 28 38 48 18 17 22 12 11 78 68 -1
1 -1 -12 34 53 64 35 46 63 56 33 43 52 25 26 23 16 24 15 42 32 14 47 31 62 57 41 36 13 22 74 65 11 12 21 83 76 37 85 51 27 73 61 72 81 71 28 38 48 18 17 58 84 86 82 67 68 66 87 78 77 75 88 -1
0 -1 4 56 64 53 46 35 63 34 66 65 74 37 43 67 57 68 33 76 36 73 75 83 84 62 52 25 16 26 47 15 24 58 14 85 61 72 17 27 87 86 81 88 82 42 18 28 51 13 48 38 32 22 11 41 23 21 78 77 31 71 12 -1
1 1 16 34 53 64 35 46 63 56 33 43 52 25 26 23 16 24 15 42 32 13 66 65 62 73 83 76 74 31 14 17 36 41 75 51 61 37 21 85 86 84 22 82 81 71 57 77 47 12 87 11 72 68 38 58 27 48 67 78 88 18 0 28 -1
0 -1 12 65 46 34 75 36 35 56 33 26 64 43 53 24 66 32 23 42 31 13 21 52 25 41 51 14 67 61 71 62 63 74 57 73 83 84 85 37 47 48 16 15 12 27 58 76 86 38 22 17 18 28 82 68 77 87 88 78 0 11 0 81 0 72 -1
1 0 0 34 33 43 35 46 64 24 26 25 32 53 16 23 36 42 56 47 13 63 37 66 31 52 61 57 65 38 74 73 62 72 84 76 75 82 87 41 51 22 68 67 58 86 85 48 77 83 81 71 11 21 12 14 15 27 18 78 88 28 17 -1
0 -1 30 43 35 66 65 56 53 46 57 36 34 68 33 64 47 63 25 38 74 73 67 83 75 76 85 84 82 86 87 26 17 15 27 37 77 24 14 18 16 52 72 62 41 51 42 81 58 48 28 61 71 31 78 88 0 13 23 12 22 21 11 32 -1
0 -1 10 65 46 33 43 34 64 66 75 56 35 63 25 24 13 47 37 26 48 36 57 76 73 16 14 15 17 84 62 52 53 42 85 86 67 74 83 82 23 51 32 21 72 58 31 81 11 22 78 68 87 12 41 18 61 88 77 71 0 38 27 28 -1
1 1 24 34 53 64 35 46 63 56 33 43 52 25 26 23 16 24 15 42 32 13 66 65 62 73 83 72 74 31 36 47 14 17 67 57 68 41 58 37 76 51 28 85 75 61 22 86 21 82 84 11 77 12 87 88 78 27 18 48 38 0 81 71 -1
0 1 -2 34 53 65 24 63 64 52 56 75 66 46 36 47 73 76 57 74 86 35 33 43 85 37 26 25 23 32 84 68 16 67 31 22 41 14 15 62 42 12 51 13 11 21 77 88 27 18 38 87 72 48 78 83 58 71 81 61 82 28 17 -1
0 -1 20 65 46 33 43 34 64 35 24 23 36 32 42 53 63 74 31 56 13 52 62 51 76 61 25 41 71 75 67 16 86 73 85 83 66 14 84 72 81 82 15 12 22 26 17 18 0 57 48 47 27 28 37 38 0 58 68 77 88 78 87 11 21 -1
1 1 2 34 53 64 35 46 63 56 33 43 52 25 26 23 16 24 15 42 32 13 66 65 62 73 83 72 74 31 14 17 36 67 75 37 47 27 76 58 38 48 57 28 12 11 21 68 18 51 41 61 22 82 78 85 86 84 77 88 87 0 81 71 -1
0 0 0 65 46 35 64 53 36 63 75 56 66 86 84 47 43 57 74 76 37 26 33 83 82 73 34 25 16 85 87 38 42 52 61 51 41 62 71 15 14 24 67 23 32 13 12 68 17 21 77 22 11 31 28 81 72 88 78 58 48 18 27 -1
0 -1 6 65 46 34 75 36 35 47 43 24 33 53 63 52 26 32 56 25 15 14 13 16 17 64 23 57 66 37 61 62 31 41 51 42 48 86 74 72 73 67 85 84 81 76 83 82 78 28 87 22 38 58 21 11 12 18 27 68 77 71 0 88 -1
1 1 10 34 53 64 35 46 63 56 33 43 52 25 26 23 16 24 15 42 32 13 14 17 36 65 62 12 74 31 75 66 37 41 47 76 57 67 68 77 21 11 22 51 61 83 84 71 85 87 82 86 88 38 72 48 28 73 27 78 81 58 0 18 -1
0 1 -2 43 35 56 42 36 46 25 65 57 66 64 63 74 37 76 34 47 48 58 68 38 28 53 67 24 33 26 86 75 52 87 85 23 73 62 51 84 83 82 27 32 14 13 31 77 16 15 72 41 61 22 21 18 17 78 88 81 71 11 12 -1
1 1 10 34 53 64 35 46 63 56 33 43 52 25 26 23 16 24 15 42 32 13 66 65 62 73 83 72 74 31 36 47 14 17 81 67 58 37 57 68 38 41 75 76 48 86 78 84 85 27 87 71 61 51 22 21 18 82 12 77 11 88 0 28 -1
1 -1 -12 34 53 64 35 46 63 56 33 43 52 25 65 24 66 32 57 42 37 61 36 62 51 41 26 73 74 85 83 76 75 86 84 82 15 47 58 67 13 14 23 38 31 48 68 21 22 78 27 16 28 18 17 12 11 0 71 72 81 0 87 77 88 -1
0 1 -34 34 53 65 24 63 64 52 56 75 66 46 36 47 73 67 43 74 84 85 86 76 87 83 82 35 25 33 68 23 62 37 51 16 15 41 31 14 42 77 32 57 88 78 58 22 26 17 48 38 72 21 28 61 11 13 12 71 18 27 81 -1
1 1 14 34 53 64 35 46 63 56 33 43 52 25 26 23 16 24 15 42 32 13 66 65 62 73 83 72 74 31 36 47 14 17 67 57 68 41 58 37 76 51 28 85 75 61 22 86 71 84 87 77 82 81 88 21 12 11 27 48 38 18 0 78 -1
0 -1 14 65 46 35 64 53 36 43 66 56 47 73 34 24 33 25 42 23 62 63 52 31 41 26 21 37 14 15 16 75 13 67 38 48 58 57 76 68 78 32 83 17 18 28 27 87 84 85 74 88 86 51 61 82 22 77 0 11 12 71 72 81 -1
1 0 0 34 53 64 35 46 63 56 33 43 52 25 26 23 16 24 15 42 32 13 66 65 62 73 83 72 74 31 14 17 36 67 75 37 47 27 76 58 38 48 57 28 12 11 21 68 18 51 22 41 78 61 81 87 86 77 71 85 84 82 88 -1
0 0 0 65 46 34 75 36 35 47 43 24 33 53 63 52 26 32 56 25 15 64 42 37 66 13 14 57 12 23 31 62 74 73 67 41 51 61 71 22 84 76 58 86 85 83 27 18 28 17 11 21 16 81 77 72 82 88 87 78 68 48 38 -1
1 1 2 34 53 64 35 46 63 56 33 43 52 25 26 23 16 24 15 42 32 13 66 65 62 73 83 72 74 31 36 47 14 17 81 67 58 37 57 68 38 41 75 76 48 86 78 84 77 85 27 18 28 61 51 71 82 88 87 0 12 11 22 21 -1
0 -1 14 65 46 35 64 53 36 43 66 56 47 73 34 24 33 25 42 23 62 63 52 31 41 26 21 37 14 15 16 75 13 67 38 48 58 57 76 68 78 32 83 17 18 28 27 87 84 85 74 88 86 51 61 82 22 77 0 11 12 71 72 81 -1
1 1 10 34 53 64 35 46 63 56 33 43 52 25 26 23 16 24 15 42 32 13 66 65 62 73 83 72 74 31 36 47 14 17 76 57 37 41 81 61 68 58 48 38 28 71 51 75 21 84 22 87 67 77 27 12 85 82 86 18 11 78 88 -1
1 1 4 34 53 64 35 46 63 56 33 43 52 25 26 23 16 24 15 42 32 13 66 65 62 73 83 72 74 31 36 47 14 17 81 67 57 37 58 38 48 68 21 11 12 22 18 41 51 75 28 27 77 76 84 88 78 71 61 85 86 82 0 87 -1
0 1 -8 34 53 64 35 46 63 56 33 43 52 25 65 24 66 32 57 42 37 61 36 62 23 14 26 17 41 48 31 47 16 15 58 74 38 73 75 27 84 68 67 28 83 72 51 21 71 81 82 86 76 22 18 78 88 85 13 12 11 77 87 -1
1 -1 -14 34 33 43 35 46 64 24 53 23 37 32 36 52 26 63 13 15 42 51 25 16 62 66 65 17 12 56 61 38 21 76 75 85 41 31 22 74 47 57 48 11 14 27 73 82 58 67 83 84 87 72 68 86 81 71 18 28 77 88 78 -1
1 1 2 34 53 64 35 46 63 56 33 43 52 25 26 23 16 24 15 42 32 13 66 65 62 73 83 72 74 31 36 47 14 17 76 57 37 41 81 61 68 58 48 38 28 71 51 75 21 84 85 67 22 86 27 82 78 77 87 88 0 18 0 12 11 -1
0 -1 8 56 64 33 34 43 46 53 42 32 63 23 57 65 66 75 36 35 24 41 52 67 76 85 68 15 31 51 61 62 71 47 58 26 25 37 16 48 14 27 18 17 22 11 13 78 87 74 38 86 88 77 84 28 72 12 21 81 82 83 73 -1
0 -1 10 43 35 46 53 64 36 65 33 34 25 62 56 57 66 47 68 58 48 67 78 32 42 24 31 52 13 23 61 14 15 16 17 27 76 26 74 84 83 82 12 38 18 88 75 85 86 87 77 63 37 41 51 21 11 22 71 72 81 73 0 28 -1
1 1 6 34 53 64 35 46 63 56 33 43 52 25 26 23 16 24 15 42 32 13 66 65 62 73 83 72 74 31 36 47 14 17 81 67 57 37 58 68 75 76 48 38 86 77 21 11 12 84 18 85 28 22 78 88 87 61 71 82 51 41 0 27 -1
0 1 -26 34 53 65 24 63 64 52 56 75 66 46 36 47 67 37 48 38 28 76 58 68 78 57 86 33 85 35 23 14 13 32 15 25 43 26 31 42 16 77 74 84 83 73 82 27 41 87 88 61 62 21 11 51 71 12 22 72 81 17 18 -1
1 1 8 34 53 64 35 46 63 56 33 43 52 25 26 23 16 24 15 42 32 13 66 65 62 73 83 72 74 31 36 47 14 17 48 37 67 38 58 57 68 27 76 51 41 61 22 12 82 81 71 75 84 85 11 21 18 28 0 86 77 88 78 87 -1
0 -1 6 43 35 56 42 36 46 25 65 57 66 64 63 76 47 58 38 37 67 75 28 68 24 34 15 16 17 53 23 26 73 32 41 48 78 74 14 33 62 52 61 51 72 83 85 31 84 71 27 86 77 88 22 11 12 18 87 13 21 81 82 -1
0 1 -14 56 64 33 34 43 46 66 57 67 35 58 53 47 36 62 37 23 24 26 25 63 15 74 32 31 68 48 38 13 75 65 52 14 12 17 42 61 78 84 76 87 73 83 51 41 72 22 11 81 71 21 85 27 28 86 82 77 88 0 18 0 16 -1
1 0 0 34 53 64 35 46 63 56 33 43 52 25 26 23 16 24 15 42 32 13 66 65 62 73 83 72 74 31 36 47 14 17 75 57 37 41 81 48 67 51 61 78 58 68 28 71 21 76 12 11 22 85 86 87 27 82 84 18 88 38 77 -1
0 -1 2 43 35 46 53 64 36 65 33 34 25 62 56 42 66 57 74 37 75 26 63 73 67 86 58 76 24 47 48 38 28 83 16 52 41 23 32 15 14 78 71 61 51 21 31 81 72 12 13 17 27 68 88 18 82 84 87 85 77 22 11 -1
0 1 -4 34 53 64 35 46 63 56 33 43 52 25 65 24 66 32 57 42 37 61 36 62 23 14 26 17 41 48 31 47 12 13 15 68 22 76 38 27 18 16 28 11 21 75 73 83 85 86 74 84 58 67 78 51 71 81 77 72 82 88 87 -1
1 -1 -2 34 53 64 35 46 63 56 33 43 52 25 26 23 16 24 15 42 32 13 66 65 62 73 83 72 74 31 36 47 14 17 81 67 48 57 37 58 38 76 86 28 78 41 51 75 77 84 85 27 21 22 68 88 87 71 82 61 11 12 18 -1
0 1 -14 65 46 35 64 53 36 43 66 56 47 74 34 75 33 67 42 57 62 38 63 37 76 85 73 82 58 51 68 52 87 48 28 31 41 86 84 77 88 78 27 25 32 23 24 26 83 72 22 11 21 18 81 15 14 16 17 13 12 0 71 61 -1
1 -1 -2 34 53 64 35 46 63 56 33 43 52 25 26 23 16 24 15 42 32 13 66 65 62 73 83 72 74 31 36 47 14 17 81 67 48 57 37 58 38 76 86 28 78 41 51 75 77 84 85 27 21 22 68 88 87 71 82 61 11 12 18 -1
0 -1 6 43 35 56 42 36 46 25 65 57 66 64 63 76 47 58 38 37 67 75 28 68 24 34 15 16 17 53 23 26 73 32 41 48 78 74 14 33 62 52 61 51 72 83 85 31 84 71 27 86 77 88 22 11 12 18 87 13 21 81 82 -1
1 1 8 34 53 64 35 46 63 56 33 43 52 25 26 23 16 24 15 42 32 13 66 65 62 73 83 72 74 31 36 47 14 17 48 37 67 38 58 57 68 27 76 51 41 61 22 12 82 81 71 75 84 85 11 21 18 28 0 86 77 88 78 87 -1
0 -1 12 65 46 35 64 53 36 43 66 56 47 74 34 75 33 67 42 57 62 38 63 37 76 85 73 82 58 51 68 52 87 31 84 86 77 88 83 78 71 61 81 72 41 48 21 26 27 17 18 28 16 24 23 15 25 32 14 22 13 12 11 -1
1 -1 -2 34 53 64 35 46 63 56 33 43 52 25 26 23 16 24 15 42 32 13 66 65 62 73 83 72 74 31 36 47 14 17 81 57 37 67 48 58 38 76 86 28 78 41 51 75 77 84 85 27 21 22 68 88 87 71 82 61 11 12 18 -1
0 -1 26 43 35 56 42 36 46 25 65 57 66 64 63 76 47 58 38 37 67 75 28 68 24 34 15 16 17 53 26 13 73 74 84 62 52 33 85 86 23 12 61 32 87 41 51 31 21 82 83 88 14 18 48 27 78 77 0 72 71 81 0 11 0 22 -1
1 0 0 34 33 43 35 46 53 25 47 62 24 42 32 52 23 13 14 15 63 41 16 17 21 36 26 57 22 66 65 56 64 48 37 38 76 73 68 74 75 58 67 78 84 83 82 86 61 31 51 77 12 11 27 72 85 81 71 18 88 87 28 -1
0 -1 6 65 46 35 64 53 36 43 66 56 47 73 34 24 33 42 32 37 57 25 26 68 16 63 15 48 41 74 67 76 86 75 38 13 58 28 77 14 12 27 62 85 87 88 78 61 18 17 23 11 82 83 84 22 52 21 72 81 71 31 51 -1
1 -1 -4 34 53 64 35 46 63 56 33 43 52 25 26 23 16 42 13 24 36 65 62 51 61 71 14 73 32 41 74 15 22 31 21 11 12 47 76 37 57 84 48 75 66 87 86 85 38 77 72 83 67 68 81 28 18 82 88 27 17 58 78 -1
1 1 12 34 53 64 35 46 63 56 33 43 52 25 26 23 16 24 15 42 32 14 47 57 36 17 74 38 65 37 12 84 75 66 83 82 67 76 86 68 87 73 27 62 61 71 72 51 31 13 18 28 77 88 41 21 78 85 22 11 48 58 0 81 -1
0 1 -20 34 53 64 35 46 63 56 33 43 52 25 65 24 66 32 57 42 37 61 36 62 23 14 26 17 41 48 31 47 15 16 28 58 67 78 27 77 51 74 76 21 75 84 13 12 85 22 83 73 68 18 38 0 88 87 11 0 71 72 86 0 82 81 -1
0 0 0 65 46 34 75 36 35 47 43 24 33 53 63 32 25 14 16 26 23 42 17 13 57 56 48 38 28 64 37 68 62 52 67 73 84 76 85 86 87 83 82 74 66 71 31 78 15 18 58 51 61 27 81 41 88 72 22 77 0 11 21 12 -1
0 -1 22 43 35 46 53 64 36 65 33 34 25 62 56 24 66 52 42 23 61 51 41 31 21 32 13 57 67 47 14 26 76 74 75 15 16 63 68 58 38 73 48 86 71 37 84 83 82 87 28 85 88 78 22 18 77 72 0 11 12 81 0 17 27 -1
0 -1 18 34 53 64 35 46 63 56 33 43 52 26 65 75 66 74 76 73 57 24 37 67 68 47 36 86 13 38 48 25 14 15 16 62 61 42 31 23 12 41 51 27 82 83 84 32 21 85 87 77 18 58 72 17 28 11 78 88 0 81 0 71 0 22 -1
1 1 8 34 53 64 35 46 63 56 33 43 52 25 26 23 16 42 62 65 13 51 74 75 36 22 66 76 85 84 86 73 11 87 82 67 57 58 48 38 68 78 72 47 61 81 83 15 88 77 37 41 32 71 28 21 31 12 24 14 0 27 17 18 -1
0 1 -14 65 46 35 64 53 36 43 66 56 47 73 34 24 33 25 13 14 15 23 74 16 17 26 12 58 37 38 62 63 84 61 48 57 67 75 85 77 32 31 76 86 42 68 88 27 51 41 52 87 18 28 78 71 22 82 83 21 11 72 81 -1
1 1 14 34 53 64 35 46 63 56 33 43 52 25 26 23 16 42 62 65 13 51 61 71 36 24 41 31 32 21 14 37 47 38 74 75 67 57 86 83 73 84 76 66 85 87 68 48 58 78 72 15 17 18 28 27 22 82 77 81 88 12 11 -1
0 -1 6 56 64 53 46 35 63 34 66 65 74 37 43 42 33 52 31 41 51 32 47 61 71 62 21 75 73 84 86 85 83 76 26 25 15 57 87 36 23 16 24 14 67 13 58 48 22 11 12 81 28 38 68 82 72 18 17 27 77 88 78 -1
1 -1 -22 34 53 64 35 46 63 56 33 43 52 25 26 23 16 24 15 42 32 13 66 65 62 73 83 41 57 47 51 31 75 58 14 17 36 37 21 74 67 84 48 68 28 38 78 77 88 71 22 76 61 11 12 82 87 86 18 72 27 0 81 0 85 -1
0 1 -16 34 53 65 24 63 64 52 56 75 66 46 36 67 74 85 83 73 76 57 84 82 86 87 47 43 58 33 32 35 25 23 68 14 42 51 31 16 15 41 61 48 77 37 13 12 26 62 27 18 17 22 71 38 28 72 81 78 88 0 11 21 -1
1 1 16 34 53 64 35 46 63 56 33 43 52 25 26 23 16 42 62 65 13 51 61 71 74 75 41 31 32 21 36 24 14 15 86 73 83 47 37 57 48 58 27 22 11 12 76 38 81 18 66 82 72 67 68 78 28 17 88 77 0 87 85 84 -1
0 -1 2 65 46 35 64 53 36 43 66 56 47 73 34 24 33 25 13 14 15 23 74 16 17 26 12 57 37 48 68 58 38 67 62 52 84 83 82 63 32 75 78 27 85 86 87 76 51 42 31 72 81 71 18 28 61 41 77 88 0 22 21 11 -1
1 1 14 34 53 64 35 46 63 56 33 43 52 25 26 23 16 24 15 42 32 13 66 65 62 73 83 41 57 47 51 31 14 17 36 74 61 71 21 11 12 27 18 37 76 22 75 58 28 67 68 85 87 86 84 72 48 38 82 77 78 88 0 81 -1
1 -1 -2 34 33 43 35 46 64 24 36 25 23 26 53 32 14 15 16 42 52 63 41 61 31 51 71 62 65 56 74 12 13 17 66 75 57 83 86 85 76 47 48 73 37 68 58 27 22 77 78 11 21 81 88 87 84 67 82 72 38 28 18 -1
0 -1 2 43 35 46 53 64 36 65 33 34 25 62 56 57 66 47 67 37 75 42 73 76 48 58 68 85 63 84 83 52 31 74 86 14 15 24 13 23 51 41 12 71 61 32 81 16 17 22 11 21 26 38 28 78 88 87 77 82 27 72 0 18 -1
1 1 6 34 53 64 35 46 63 56 33 43 52 25 26 23 16 24 15 42 32 13 66 65 62 73 83 41 57 47 51 31 14 17 36 74 61 71 85 58 21 11 76 75 12 22 18 37 28 27 48 38 86 84 68 82 81 72 67 87 88 78 77 -1
0 1 -8 65 46 34 75 36 35 47 43 24 33 53 63 32 25 14 16 26 23 42 15 17 13 12 52 56 41 66 67 64 74 76 31 58 68 62 57 85 48 37 38 83 84 51 22 73 72 77 88 78 27 81 82 18 28 61 71 21 11 0 87 0 86 -1
0 1 -6 56 64 53 46 35 63 34 66 65 74 37 43 42 33 52 32 62 24 57 26 23 51 41 61 36 25 13 14 16 12 15 17 73 84 75 85 71 67 76 68 47 58 86 48 38 87 27 21 77 88 78 72 81 31 11 22 18 28 83 82 -1
1 -1 -12 34 53 64 35 46 63 56 33 43 52 25 26 23 16 24 15 42 32 13 66 65 62 73 83 41 57 47 51 31 14 17 36 74 61 71 37 67 84 75 85 86 76 82 68 87 77 48 58 88 78 27 12 38 18 28 22 11 21 0 81 0 72 -1
1 -1 -14 34 53 64 35 46 63 56 33 43 52 25 26 23 16 72 73 62 74 65 81 51 71 61 66 32 75 24 47 42 37 15 36 76 86 17 13 14 18 22 21 41 11 12 27 48 58 57 38 77 31 28 88 67 78 68 0 83 82 87 84 85 -1
1 1 12 34 53 64 35 46 63 56 33 43 52 25 26 23 16 24 15 42 32 13 66 65 62 73 83 72 74 31 36 47 14 17 81 67 48 58 75 76 57 38 68 77 37 78 86 84 21 11 85 28 12 22 18 61 41 51 71 82 88 87 0 27 -1
0 -1 24 65 46 35 64 53 36 43 66 56 47 73 34 24 33 42 32 37 41 25 26 52 57 63 38 23 51 76 86 67 58 16 74 84 83 75 85 62 61 72 22 11 81 71 27 82 14 21 31 15 12 77 68 88 87 78 17 18 28 13 0 48 -1
1 0 0 34 53 64 35 46 63 56 33 43 52 25 26 23 16 24 15 42 32 13 66 65 62 73 83 72 74 31 36 47 14 17 76 57 67 37 68 58 81 61 41 78 21 85 27 51 71 22 87 75 48 84 86 18 88 77 28 82 12 11 0 38 -1
0 -1 18 34 53 64 35 46 63 56 33 43 52 26 65 75 66 57 36 74 47 38 67 76 84 25 85 86 87 68 15 14 13 24 37 16 58 12 27 62 73 17 42 31 41 23 51 61 78 83 82 48 28 18 32 88 77 81 22 72 71 21 11 -1
1 1 12 34 53 64 35 46 63 56 33 43 52 25 26 23 16 24 15 42 32 13 66 65 62 73 83 72 74 31 36 47 14 17 48 38 28 37 58 67 57 68 78 41 76 51 81 85 84 75 61 86 87 82 21 88 27 18 71 77 12 11 22 -1
0 1 -8 34 53 64 35 46 63 56 33 43 52 26 65 75 66 57 36 74 37 25 24 47 76 73 48 38 28 86 58 67 68 62 84 85 87 41 42 13 83 23 27 31 14 16 15 32 22 72 21 18 17 78 81 82 71 88 77 11 12 51 61 -1
0 -1 12 56 64 43 57 66 46 36 34 33 67 35 65 68 25 53 63 26 24 14 48 13 47 74 73 75 84 38 28 37 85 76 52 86 42 62 87 31 51 41 21 61 71 58 78 32 23 82 77 72 16 15 81 83 17 18 27 88 0 12 22 11 -1
0 -1 10 56 64 53 46 35 63 34 66 65 74 47 43 67 33 76 24 75 36 83 37 26 85 84 82 25 86 13 87 23 68 48 57 32 15 14 12 42 16 62 28 73 52 38 58 61 72 81 71 88 27 51 31 18 17 11 41 21 22 78 77 -1
0 -1 14 65 46 35 64 53 36 43 66 56 47 73 34 24 33 42 32 37 57 25 26 52 63 23 13 14 15 74 61 62 12 17 51 75 76 68 58 38 67 48 77 41 85 21 82 83 84 78 72 88 31 27 18 28 16 86 11 22 87 81 0 71 -1
0 1 -4 56 64 43 57 67 36 34 33 74 35 66 42 47 63 62 65 46 83 75 52 53 48 73 58 41 61 31 32 25 24 26 37 68 78 13 76 86 77 23 71 51 21 88 84 85 22 11 72 27 12 38 15 14 16 17 87 82 81 0 18 28 -1
1 -1 -16 34 53 64 35 46 63 56 33 43 52 25 26 23 16 24 15 42 32 13 66 61 65 51 41 31 62 74 76 75 57 58 84 71 47 48 73 67 14 17 21 11 12 22 68 78 38 28 36 77 18 82 37 27 88 83 81 86 72 85 87 -1
1 1 42 34 53 64 35 46 63 56 36 43 32 25 33 47 66 65 76 75 67 57 26 37 68 48 73 86 58 78 38 28 24 16 84 85 87 15 14 13 23 74 83 31 22 42 41 51 62 52 61 71 72 11 21 81 82 88 27 17 0 18 0 12 0 77 -1
0 0 0 34 53 65 24 63 64 43 66 73 56 35 46 23 33 14 42 32 52 61 51 41 21 36 25 26 62 47 57 37 75 31 71 68 48 74 85 86 87 76 67 58 78 83 13 12 16 22 11 15 38 17 18 28 27 88 82 84 0 81 0 72 0 77 -1
0 1 -34 34 53 65 24 63 64 52 56 75 66 46 36 67 74 85 83 73 68 47 57 58 62 76 48 43 78 61 42 31 86 32 84 33 82 38 28 37 35 23 26 14 22 25 15 13 11 12 21 41 51 87 88 77 72 81 71 27 18 17 16 -1
1 1 8 34 53 64 35 46 63 56 33 43 52 25 26 23 16 24 15 42 32 14 47 57 36 17 74 38 65 37 12 84 75 66 83 82 67 76 86 58 68 73 87 62 48 78 77 85 81 61 41 88 51 13 22 11 28 31 21 71 72 27 18 -1
0 -1 10 56 64 33 34 43 46 66 57 63 35 74 32 23 53 31 42 52 73 65 84 62 76 83 82 75 85 24 61 26 51 41 72 86 87 47 38 58 48 28 37 36 15 81 71 25 14 13 12 22 11 21 16 27 18 17 68 88 0 77 67 78 -1
0 -1 6 34 53 65 24 63 64 52 56 75 66 46 36 67 74 85 83 73 68 33 32 35 62 23 13 47 43 42 26 76 31 51 41 61 71 37 25 22 57 48 82 58 38 14 15 21 11 12 87 77 88 78 86 84 0 81 0 27 17 16 0 72 0 28 18 -1
0 -1 2 34 53 65 24 63 64 52 56 75 66 46 36 33 84 86 85 83 43 67 23 35 57 42 32 25 68 14 13 26 41 47 76 37 15 16 17 74 38 87 51 58 48 77 88 78 62 27 82 73 72 81 71 61 18 28 0 31 22 11 21 12 -1
1 -1 -10 34 53 64 35 46 63 56 33 43 52 25 26 23 16 24 15 42 32 13 66 61 65 51 41 31 62 71 14 73 74 83 85 27 12 72 75 84 81 82 17 22 36 76 86 67 18 77 57 58 21 87 88 47 78 68 48 11 0 28 37 38 -1
0 -1 2 43 35 56 42 36 46 25 65 57 66 64 63 76 47 58 38 37 28 75 74 33 85 67 86 77 23 53 88 73 24 34 62 61 16 32 41 51 31 52 71 83 68 12 14 15 84 13 11 21 26 27 22 81 48 78 82 87 72 18 17 -1
1 -1 -12 34 53 64 35 46 63 56 33 43 52 25 26 23 16 24 15 42 32 13 66 61 65 51 41 31 62 71 14 73 74 83 85 27 12 72 75 84 81 82 17 22 36 76 86 67 18 77 21 11 57 48 78 88 87 47 38 68 58 28 37 -1
0 1 -22 43 35 46 53 64 36 65 33 34 25 62 56 57 66 75 63 47 73 52 42 37 86 41 76 67 38 74 32 83 84 26 68 85 82 78 58 48 88 87 77 27 24 81 18 28 15 21 31 22 23 13 17 16 11 72 51 61 71 14 12 -1
0 -1 12 56 64 33 34 43 46 53 42 32 63 23 13 41 35 52 62 24 65 26 14 25 15 66 57 73 61 74 37 51 31 76 71 36 47 58 75 84 68 78 67 27 86 85 77 48 38 28 87 88 18 12 11 21 22 81 72 83 82 17 16 -1
1 -1 -22 34 53 64 35 46 63 56 33 43 52 25 26 23 16 24 15 42 32 14 47 36 62 17 37 38 58 28 12 71 61 48 81 68 75 74 85 84 83 86 87 22 66 67 11 57 13 76 65 73 77 21 31 51 41 88 78 82 72 27 18 -1
1 -1 -14 34 53 64 35 46 63 56 33 43 52 25 65 24 66 32 57 42 37 61 36 62 51 41 26 47 15 68 48 58 38 28 13 14 23 75 77 67 73 74 85 76 87 84 82 83 86 12 11 22 21 88 31 81 78 16 17 27 18 0 71 72 -1
1 -1 -14 34 53 64 35 46 63 56 33 43 52 25 65 24 66 32 57 42 37 61 36 62 51 41 26 47 15 68 48 58 38 28 13 14 23 75 77 67 73 74 85 76 87 84 82 83 86 12 11 22 21 88 31 81 78 16 17 27 18 0 71 72 -1
0 -1 10 56 64 43 57 63 53 74 34 42 33 35 36 23 52 41 61 62 32 24 71 31 75 65 84 83 82 46 73 47 76 26 38 67 58 48 37 68 51 81 78 72 66 85 86 87 15 16 14 13 22 21 11 12 25 27 17 18 28 88 77 -1
0 -1 18 56 64 33 34 43 46 53 42 32 63 23 57 65 74 76 66 75 24 41 52 83 36 15 13 73 35 67 31 62 51 58 85 86 87 37 47 84 82 38 48 25 68 14 16 26 28 61 27 72 81 71 0 18 17 77 88 12 22 78 0 11 21 -1
1 1 24 34 53 64 35 46 63 56 33 43 52 25 26 23 16 24 15 42 32 13 66 65 62 73 83 72 74 31 36 47 14 17 75 37 81 57 67 76 58 38 48 68 86 85 84 77 28 18 27 41 51 22 21 12 78 88 87 71 82 61 0 11 -1
0 -1 10 43 35 46 53 64 36 65 33 34 25 62 56 57 66 75 63 47 74 83 76 52 42 73 67 31 68 58 85 84 82 86 87 32 48 24 13 15 14 12 23 38 28 77 88 78 37 18 71 61 51 41 21 16 26 17 27 22 11 72 81 -1
1 1 10 34 53 64 35 46 63 56 33 43 52 25 26 23 16 24 15 42 32 13 66 65 62 73 83 72 74 31 36 47 14 17 81 67 48 57 37 58 38 76 86 28 78 84 85 75 77 88 68 87 18 27 12 41 51 22 21 11 0 61 71 82 -1
1 1 18 34 53 64 35 46 63 56 33 43 52 25 26 23 16 24 15 42 32 13 66 65 62 73 83 72 74 31 36 47 14 17 48 37 76 38 67 58 57 68 22 51 81 71 61 86 85 78 87 75 28 18 77 88 27 41 12 21 11 84 0 82 -1
1 -1 -22 34 53 64 35 46 63 56 36 43 32 25 24 47 16 13 14 23 26 33 42 22 48 51 41 31 12 15 11 65 67 37 66 58 62 21 57 38 52 71 61 68 81 78 17 18 28 73 88 27 76 74 83 86 77 87 85 84 75 82 72 -1
0 0 0 65 46 35 64 53 36 43 66 56 47 73 34 24 33 42 63 25 62 74 31 26 75 85 32 23 76 37 13 67 86 52 84 51 22 61 41 72 38 27 68 83 57 58 48 11 14 15 21 87 18 12 81 71 82 77 16 78 88 28 17 -1
1 -1 -22 34 53 64 35 46 63 56 33 43 52 25 26 23 16 24 15 42 32 14 47 36 62 17 37 38 58 28 12 71 61 48 81 68 75 74 85 84 83 86 87 22 66 67 11 57 13 76 65 73 77 21 31 51 41 88 78 82 72 27 18 -1
0 0 0 34 53 66 56 65 35 33 24 36 23 15 26 16 75 46 14 13 25 43 67 64 63 85 37 76 57 47 27 74 48 18 73 42 86 68 58 28 78 62 83 87 84 82 77 88 52 61 51 72 41 38 22 21 11 32 12 31 17 0 71 81 -1
0 1 -32 56 64 43 57 63 53 74 34 42 33 35 36 23 52 41 61 62 51 71 75 46 22 86 73 84 31 72 65 67 81 66 47 82 83 24 85 76 87 32 58 26 21 11 16 48 38 27 18 17 15 13 14 25 37 28 12 68 78 77 88 -1
1 0 0 34 53 64 35 46 63 56 33 43 52 25 26 23 16 24 15 42 32 13 66 65 62 73 83 72 74 31 36 47 14 17 67 57 76 41 68 58 81 51 37 78 61 28 77 71 21 88 75 87 38 48 22 85 86 11 12 84 27 18 82 -1
0 0 0 65 46 34 75 36 35 47 43 24 33 53 63 66 14 13 12 23 15 32 56 42 25 62 76 73 57 26 48 64 16 67 58 85 72 37 38 68 78 17 18 28 41 88 77 21 52 51 27 31 84 87 86 74 83 81 61 82 71 22 11 -1
1 -1 -8 34 53 64 35 46 63 56 33 43 52 25 26 23 16 24 15 42 32 13 66 65 62 73 83 72 74 31 36 47 14 17 58 38 67 57 68 37 48 76 81 78 75 41 51 86 21 22 11 84 85 12 27 28 18 77 88 87 0 71 82 61 -1
0 1 -12 34 53 65 24 63 64 33 35 43 32 23 62 52 41 74 42 73 14 25 83 51 61 31 21 15 85 13 56 84 75 82 46 86 76 72 36 26 16 66 12 37 48 57 47 22 71 67 78 58 11 38 27 28 68 81 18 77 17 0 87 88 -1
1 -1 -12 34 53 64 35 46 63 56 33 43 52 25 26 23 16 24 15 42 32 13 66 65 62 73 83 41 57 47 51 31 75 68 14 17 67 36 74 76 38 48 86 78 37 28 58 27 88 61 18 85 12 84 71 87 22 11 21 81 72 77 82 -1
0 -1 6 34 53 65 24 33 35 36 56 66 23 46 43 14 26 25 47 37 38 16 13 63 64 62 57 42 74 15 17 75 84 86 52 83 85 73 61 51 32 31 22 72 41 71 81 82 21 68 48 67 78 88 87 11 27 18 12 28 77 76 0 58 -1
1 -1 -12 34 53 64 35 46 63 56 33 43 52 25 26 23 16 24 15 42 32 13 66 65 62 73 83 41 57 47 51 31 75 68 14 17 67 36 74 76 38 48 86 78 37 28 58 27 88 61 18 85 12 84 71 87 22 11 21 81 72 77 82 -1
0 -1 6 43 35 56 42 33 53 63 65 66 32 64 34 41 62 52 74 73 83 61 31 36 46 26 75 24 47 51 71 57 48 68 25 38 58 37 16 15 23 13 22 27 14 17 18 28 12 86 84 76 87 88 78 11 72 81 21 82 77 67 0 85 -1
1 -1 -8 34 53 64 35 46 63 56 33 43 52 25 26 23 16 24 15 42 32 13 66 65 62 73 83 72 74 31 36 47 14 17 58 38 67 57 68 37 48 76 81 78 75 41 51 86 21 22 11 84 85 12 27 28 18 77 88 87 0 71 82 61 -1
0 -1 14 65 46 34 75 66 64 63 43 33 76 53 73 74 52 62 83 61 56 85 72 57 32 36 84 35 41 51 86 42 71 31 47 67 48 81 82 87 77 88 78 37 38 58 68 28 26 24 27 18 23 17 13 25 21 12 16 11 22 15 14 -1
1 -1 -12 34 53 64 35 46 63 56 33 43 52 25 26 23 16 24 15 42 32 13 66 65 62 73 83 41 57 47 51 31 75 68 14 17 67 36 74 76 38 48 86 78 37 28 58 27 88 61 18 85 12 84 71 87 22 11 21 81 72 77 82 -1
1 0 0 34 53 64 35 46 63 56 33 43 52 25 26 23 16 24 15 42 32 13 66 65 62 73 83 72 74 31 36 47 14 17 58 57 37 67 81 84 21 11 12 28 38 48 76 22 18 78 27 77 75 68 85 41 88 51 61 71 0 86 87 82 -1
0 -1 2 65 46 35 64 53 36 43 66 56 47 74 34 75 33 67 42 57 62 38 63 37 76 85 73 82 58 51 68 52 83 84 41 31 32 21 71 23 24 14 15 13 26 25 27 22 11 12 61 18 17 28 16 48 77 88 86 87 78 72 81 -1
1 -1 -12 34 53 64 35 46 63 56 33 43 52 25 26 23 16 24 15 42 32 13 66 65 62 73 83 72 74 31 36 47 14 17 21 51 41 71 76 27 57 85 84 11 12 61 22 75 86 37 38 68 48 67 58 28 18 77 81 82 78 87 88 -1
1 1 2 34 53 64 35 46 63 56 33 43 52 25 26 23 16 24 15 42 32 13 66 65 62 73 83 41 57 47 51 31 14 17 36 74 61 71 37 67 84 75 85 76 86 68 72 58 27 38 18 28 12 81 82 22 77 78 48 87 88 0 21 11 -1
0 1 -40 56 64 43 57 63 53 74 34 42 33 35 36 23 52 41 61 62 32 24 51 71 31 21 75 26 16 46 47 37 48 38 15 25 84 86 76 85 87 67 68 58 28 77 65 66 83 22 73 27 18 17 88 14 78 72 81 82 11 12 13 -1
1 1 20 34 53 64 35 46 63 56 33 43 52 25 26 23 16 24 15 42 32 13 66 65 62 73 83 41 57 47 51 31 14 17 36 74 61 71 12 11 85 68 37 75 21 38 67 76 86 78 27 84 81 82 58 72 48 18 28 77 88 87 0 22 -1
0 -1 4 65 46 34 75 36 35 26 33 53 25 66 64 56 67 16 43 63 24 76 57 47 48 74 15 68 17 58 78 37 38 13 86 23 85 84 83 73 82 77 62 42 52 32 41 31 21 51 61 72 88 87 12 11 22 71 81 14 0 18 0 28 27 -1
1 1 20 34 53 64 35 46 63 56 33 43 52 25 26 23 16 24 15 42 32 14 47 36 62 17 37 38 58 73 12 27 66 65 67 48 57 13 18 28 76 74 83 75 84 86 68 41 85 51 87 71 31 22 61 21 0 77 78 88 0 82 72 81 -1
0 1 -12 43 35 56 42 36 46 37 66 64 47 33 53 34 23 38 65 63 57 32 75 51 24 25 15 73 74 52 26 13 62 84 58 14 12 17 85 27 61 71 18 16 22 72 28 83 67 11 48 76 81 82 41 78 86 77 68 21 31 87 88 -1
1 1 4 34 53 64 35 46 63 56 33 43 52 25 26 23 16 24 15 42 32 14 47 36 62 17 37 38 58 73 12 27 66 65 67 48 57 13 18 28 76 74 83 75 84 86 68 41 51 22 31 11 21 61 85 82 77 88 71 81 72 87 78 -1
0 1 -46 56 64 43 57 63 53 62 33 35 52 61 34 46 32 42 26 23 51 24 41 67 74 66 71 73 25 47 83 84 85 31 21 22 75 65 76 15 68 86 87 37 36 77 48 58 88 78 11 72 12 38 13 14 16 17 81 0 82 0 27 28 18 -1
1 1 56 34 53 64 35 46 63 56 33 43 52 25 26 23 16 24 15 42 32 14 47 36 62 17 37 38 58 73 66 57 48 68 67 75 76 78 65 74 83 86 85 28 13 12 77 41 51 88 31 87 0 84 0 71 61 21 22 82 27 18 0 11 0 72 -1
0 -1 6 34 53 65 24 33 35 36 56 66 23 46 26 25 37 47 16 38 43 14 48 58 64 42 15 17 75 62 51 32 57 41 52 63 73 61 27 83 72 76 67 13 85 84 86 68 74 87 31 81 82 71 88 21 12 11 22 18 28 0 78 77 -1
1 1 26 34 53 64 35 46 63 56 33 43 52 25 26 23 16 24 15 42 32 14 47 36 62 17 37 38 58 73 66 57 48 68 12 28 67 75 76 65 72 41 31 74 61 81 51 86 77 71 85 83 82 84 78 88 13 11 27 18 87 21 0 22 -1
0 1 -12 34 53 65 24 63 64 73 66 46 74 83 56 35 76 75 37 33 36 43 85 14 25 16 15 26 84 38 23 13 27 57 28 48 47 67 82 58 62 18 52 51 17 61 42 31 22 32 12 87 41 72 81 71 86 77 88 78 68 11 21 -1
1 -1 -12 34 53 64 35 46 63 56 36 43 33 25 26 47 16 14 37 24 58 32 42 57 15 17 68 38 23 13 67 66 48 78 65 12 75 85 74 28 84 76 52 83 73 82 86 87 31 61 62 41 51 27 72 81 71 22 11 21 18 77 88 -1
1 1 46 34 53 64 35 46 63 56 33 43 52 25 26 23 16 24 15 42 32 14 47 36 62 17 37 38 58 73 66 57 48 68 67 75 76 78 65 74 83 86 85 28 13 12 77 41 87 88 27 18 51 31 21 71 61 11 0 22 0 72 82 84 0 81 -1
0 1 -2 43 35 56 42 33 53 63 65 66 32 64 62 52 73 74 61 41 51 71 84 31 75 36 46 76 87 34 67 47 48 58 68 57 38 83 82 37 28 77 23 85 88 78 86 18 24 27 17 26 25 12 22 16 14 11 21 13 15 72 81 -1
1 1 18 34 53 64 35 46 63 56 33 43 52 25 26 23 16 24 15 42 32 14 47 36 62 17 37 38 58 73 67 66 57 68 75 48 76 31 12 61 41 51 22 74 65 11 27 85 21 13 86 84 77 88 78 87 72 81 71 82 83 0 28 18 -1
0 1 -34 65 46 34 75 36 35 26 33 53 25 16 43 64 23 24 62 32 15 42 14 76 47 66 17 37 52 74 38 48 58 13 12 22 57 56 67 51 86 68 78 73 61 71 85 27 41 28 18 31 82 63 11 83 84 87 88 77 21 0 81 0 72 -1
1 1 40 34 53 64 35 46 63 56 33 43 52 25 26 23 16 24 15 42 32 14 47 36 62 17 37 38 58 73 67 66 57 68 75 48 74 31 76 41 13 12 51 61 83 86 65 85 72 81 82 71 84 22 77 78 28 18 11 21 88 87 0 27 -1
1 -1 -22 34 53 64 35 46 63 56 33 43 52 25 65 24 66 32 57 42 37 61 36 62 23 76 75 73 83 38 14 15 16 13 47 17 26 48 86 58 67 77 41 51 71 84 74 85 72 27 88 81 82 87 21 31 22 11 18 28 12 0 68 0 78 -1
0 1 -16 43 35 56 42 36 46 37 66 64 63 53 65 34 52 75 47 33 57 32 74 41 24 15 13 25 23 61 51 14 16 26 12 83 17 76 48 73 67 31 86 62 85 22 11 21 27 18 28 78 68 87 88 77 84 82 81 58 38 72 71 -1
1 1 10 34 53 64 35 46 63 56 33 43 52 25 26 23 16 24 15 42 32 14 47 36 62 17 37 38 58 73 67 66 57 68 75 48 76 84 86 31 12 61 41 51 22 11 21 65 74 83 27 13 72 82 81 71 85 87 88 28 18 0 78 77 -1
0 1 -14 65 46 34 75 36 35 47 43 24 33 53 63 32 25 14 16 26 23 42 15 17 13 12 52 56 41 66 67 64 74 76 85 68 57 61 31 58 38 48 51 21 27 83 84 73 62 86 78 82 37 72 81 71 11 18 77 28 87 88 22 -1
1 1 52 34 53 64 35 46 63 56 33 43 52 25 26 23 16 24 15 42 32 14 47 36 62 17 37 38 58 73 67 66 57 68 75 48 76 84 74 65 83 82 13 12 77 41 51 31 21 71 28 18 61 11 72 22 0 27 0 88 78 87 86 85 0 81 -1
0 0 0 56 64 43 57 63 53 62 33 35 36 46 34 65 47 24 52 66 42 67 25 58 75 84 86 74 76 38 48 85 83 73 87 16 82 23 51 26 32 68 13 37 14 77 88 78 72 81 71 31 15 61 41 12 22 11 21 17 27 18 28 -1
1 1 6 34 53 64 35 46 63 56 33 43 52 25 26 23 16 24 15 42 32 14 47 36 62 17 37 38 58 73 66 57 48 68 12 28 67 75 76 65 72 41 31 74 61 81 51 86 84 85 71 22 13 11 21 82 83 27 87 88 18 77 78 -1
0 -1 4 56 64 43 57 63 53 74 34 42 33 35 36 23 52 41 61 62 32 24 51 71 31 21 25 65 14 66 76 46 47 67 58 86 75 16 13 15 17 26 84 83 85 73 22 38 72 68 78 11 12 18 77 88 48 87 37 27 28 81 82 -1
1 1 6 34 53 64 35 46 63 56 33 43 52 25 26 23 16 24 15 42 32 14 47 36 62 17 37 38 58 73 67 66 57 68 75 48 76 84 86 31 12 61 41 51 22 11 21 65 83 74 28 13 85 27 78 82 81 87 88 77 18 0 71 72 -1
0 1 -4 56 64 43 57 63 53 62 33 35 36 46 34 65 47 24 52 66 42 67 25 58 75 41 76 85 73 23 14 38 86 87 48 84 61 74 77 31 51 71 68 16 22 32 15 88 78 72 81 13 82 83 12 11 21 37 27 17 18 26 28 -1
1 -1 -6 34 53 64 35 46 63 56 33 43 52 25 26 23 16 24 15 42 32 13 66 65 62 73 83 41 57 47 51 31 75 76 36 14 74 17 48 61 37 27 67 78 71 81 68 85 22 11 88 82 84 86 77 87 58 72 18 28 12 0 38 0 21 -1
1 1 12 34 53 64 35 46 63 56 33 43 52 25 26 23 16 24 15 42 32 14 47 36 62 17 37 38 58 73 12 27 22 28 83 72 74 71 66 48 81 61 51 65 57 75 67 76 87 11 18 13 85 31 21 41 68 84 77 88 78 86 0 82 -1
0 1 -16 34 53 65 24 63 64 73 66 46 36 35 56 43 25 67 76 57 74 33 75 47 37 23 32 42 51 83 84 16 15 13 62 26 14 72 52 48 81 82 27 41 31 85 86 22 21 11 12 77 28 18 17 38 78 68 58 88 87 61 71 -1
1 1 40 34 53 64 35 46 63 56 33 43 52 25 26 23 16 24 15 42 32 14 47 36 62 17 37 38 58 73 67 66 57 68 75 48 74 31 76 65 83 41 13 12 51 86 77 84 85 82 72 81 22 11 21 61 71 88 28 87 78 18 0 27 -1
0 -1 2 34 53 65 24 63 64 73 66 46 36 35 56 43 25 67 76 57 74 33 75 47 37 23 32 42 51 31 14 21 62 52 61 85 58 83 68 13 12 77 41 71 88 16 26 27 87 15 86 11 22 17 84 78 82 72 81 28 18 38 48 -1
1 1 14 34 53 64 35 46 63 56 33 43 52 25 26 23 16 24 15 42 32 14 47 37 36 17 74 61 65 48 41 66 57 75 13 12 73 68 86 62 51 31 67 76 85 78 58 38 77 88 87 71 27 82 21 11 22 84 83 28 18 72 81 -1
0 1 -4 56 64 43 57 63 53 62 33 35 36 46 34 65 47 23 32 24 52 66 42 25 26 67 76 75 84 86 58 87 74 37 48 16 27 41 51 61 31 21 72 71 85 77 15 14 88 17 12 38 18 13 28 11 22 82 81 83 0 73 0 78 68 -1
0 -1 2 65 46 35 64 53 36 43 66 56 47 74 34 75 33 67 42 57 62 38 63 37 48 52 28 61 78 31 76 68 58 86 85 84 73 25 26 24 51 16 27 87 71 83 41 18 21 32 14 15 82 81 72 11 13 12 17 88 77 23 22 -1
1 1 8 34 53 64 35 46 63 56 33 43 52 25 26 23 16 24 15 42 32 14 47 57 36 17 74 38 62 31 65 66 37 48 12 41 22 73 76 86 77 67 58 27 13 11 21 88 72 81 82 85 68 83 51 61 84 75 71 78 87 0 18 28 -1
0 1 -12 34 53 65 24 63 64 52 56 75 66 46 36 67 74 85 83 73 76 57 84 82 86 87 42 37 38 26 35 25 47 58 78 68 48 13 51 23 33 43 32 61 72 21 41 31 62 22 11 12 16 15 71 17 14 81 18 28 27 88 77 -1
1 1 10 34 53 64 35 46 63 56 33 43 52 25 26 23 16 24 15 42 32 14 47 57 36 17 74 38 62 31 65 66 37 48 12 41 22 73 76 86 77 67 58 27 13 11 21 88 75 68 51 72 81 82 84 61 83 85 18 28 71 0 78 87 -1
0 -1 30 43 35 46 53 64 36 65 33 34 25 24 63 56 26 15 16 17 14 13 23 37 74 83 85 42 75 62 52 61 41 12 32 31 21 84 73 86 57 67 47 51 22 48 71 82 66 58 38 11 27 28 78 81 68 88 72 76 87 77 0 18 -1
1 -1 -12 34 53 64 35 46 63 56 33 43 52 25 65 24 66 32 57 42 37 61 36 62 23 76 75 73 83 38 14 15 16 13 47 17 26 48 86 58 67 77 41 27 18 28 31 72 51 21 74 22 81 87 88 85 84 82 11 12 71 78 68 -1
0 -1 18 65 46 34 75 36 35 26 33 53 63 64 43 56 74 32 23 42 25 66 24 52 62 76 67 57 48 68 85 73 37 16 14 15 17 13 12 47 84 28 61 51 72 71 38 58 27 87 86 18 21 11 41 81 88 82 83 31 22 77 78 -1
1 -1 -16 34 33 43 35 46 53 25 56 66 16 15 14 65 26 24 23 13 12 64 36 62 57 58 63 37 74 83 61 73 38 52 42 32 31 22 75 84 86 28 85 87 48 17 18 27 47 67 77 88 76 41 11 21 68 78 51 71 82 81 72 -1
1 -1 -12 34 53 64 35 46 63 56 33 43 52 25 65 24 66 32 57 42 37 61 36 62 23 76 75 73 83 38 14 15 16 13 47 17 26 48 86 58 67 77 41 27 18 28 31 72 51 21 74 22 81 87 88 85 84 82 11 12 71 78 68 -1
1 1 14 34 53 64 35 46 63 56 33 43 52 25 26 23 16 24 15 42 32 14 47 37 36 17 74 61 65 66 41 48 57 75 13 12 73 68 86 62 51 31 67 76 85 78 58 38 77 88 87 71 27 82 21 11 22 84 83 28 18 72 81 -1
1 -1 -10 34 53 64 35 46 63 56 24 43 36 65 52 25 16 33 26 13 14 23 42 32 31 62 47 51 67 41 61 22 76 15 75 73 83 66 57 84 85 77 82 86 74 81 11 38 21 12 48 78 68 27 37 17 88 28 18 58 87 72 71 -1
0 1 -12 43 35 56 42 36 46 37 66 64 63 53 65 34 52 76 57 75 47 48 74 67 58 68 85 33 86 62 73 38 23 31 41 61 51 32 24 25 16 13 15 22 26 14 11 12 27 83 84 87 72 82 81 71 88 18 78 77 21 17 28 -1
