210
1 0 0 43 35 46 53 64 36 65 33 34 25 52 62 32 61 42 51 24 23 41 74 26 63 75 31 84 56 57 37 14 13 16 15 12 47 73 68 17 76 66 67 72 81 71 22 38 48 87 86 85 82 83 88 58 28 78 77 18 27 21 11 -1
0 1 -4 43 35 56 42 36 46 25 65 57 66 64 63 33 34 23 48 52 37 47 26 38 15 58 24 32 12 68 53 62 27 75 85 73 74 18 76 67 82 13 14 17 16 11 28 86 87 84 83 0 77 88 78 81 72 61 71 0 41 51 21 31 22 -1
1 -1 -14 43 35 46 53 64 36 65 33 34 25 52 62 32 61 42 51 24 23 41 74 26 63 75 31 84 56 73 66 57 86 85 83 14 76 72 58 68 81 48 67 78 47 37 28 12 13 15 22 38 88 82 11 21 71 77 16 27 17 87 18 -1
0 -1 26 43 35 56 42 33 63 53 24 36 64 34 66 65 57 32 74 52 31 41 46 47 38 25 23 62 16 21 26 37 51 61 48 13 15 73 22 85 84 83 82 76 75 67 78 86 87 11 71 81 72 88 27 77 12 14 0 18 17 58 68 28 -1
1 1 4 43 35 46 53 64 36 65 33 34 25 52 62 32 61 42 51 24 23 41 74 13 26 75 14 63 31 22 47 56 11 21 12 73 72 37 38 15 67 58 48 81 68 57 16 27 66 17 86 71 84 85 76 83 82 87 77 78 88 0 28 18 -1
1 -1 -4 43 35 46 53 64 36 65 33 34 25 52 56 42 66 23 75 24 73 16 63 26 15 14 62 67 57 83 41 74 51 37 47 76 86 84 12 13 17 32 31 38 58 68 78 48 28 77 88 87 85 61 71 72 81 82 22 11 21 18 0 27 -1
0 -1 4 43 35 56 42 36 46 37 63 34 24 13 66 23 57 65 47 33 25 15 32 48 38 28 74 26 16 58 64 14 53 17 67 31 21 51 41 62 52 76 61 75 68 78 84 85 27 83 86 73 72 87 22 82 77 12 81 71 88 18 11 -1
1 1 14 43 35 46 53 64 36 65 33 34 25 52 62 32 61 42 51 24 23 41 74 26 63 75 31 83 37 73 16 13 15 14 12 22 57 47 56 66 58 38 48 68 86 85 84 87 72 81 82 71 88 21 76 67 77 27 11 28 17 18 0 78 -1
1 -1 -6 43 35 46 53 64 36 65 33 34 25 52 62 32 61 42 51 24 63 56 47 57 21 16 23 48 74 84 14 15 85 13 83 37 76 66 75 12 67 78 27 26 28 73 17 18 38 41 31 22 11 71 81 86 68 77 82 72 58 87 88 -1
1 -1 -10 43 35 46 53 64 36 65 33 34 25 52 56 42 66 23 75 24 73 16 63 26 32 67 57 37 38 74 83 84 85 27 68 77 76 87 62 61 88 51 41 72 86 31 82 28 18 47 17 15 14 13 12 81 71 22 48 58 21 11 0 78 -1
0 -1 4 43 35 56 42 36 46 25 65 57 66 64 63 33 24 76 34 75 86 13 47 23 15 38 67 16 85 14 68 32 31 53 52 74 26 58 73 77 48 78 88 17 28 87 22 37 12 11 21 41 27 62 51 18 0 61 71 84 72 82 83 81 -1
1 -1 -14 43 35 46 53 64 36 65 33 34 25 52 62 32 61 42 51 24 23 41 74 26 63 75 31 84 56 73 66 57 86 85 83 14 76 72 58 68 81 48 67 78 47 37 28 12 13 15 22 38 88 82 11 21 71 77 16 27 17 87 18 -1
1 -1 -8 43 35 46 53 64 56 34 36 63 23 24 13 66 65 47 37 57 33 74 48 25 26 32 67 58 68 27 76 15 41 31 42 14 52 38 16 17 73 75 62 51 18 28 61 83 21 22 86 85 82 81 84 71 11 12 72 87 77 88 78 -1
0 -1 22 43 35 56 42 36 46 25 65 57 66 64 63 76 47 58 38 37 48 28 86 74 75 85 68 78 84 67 24 34 15 16 26 13 14 53 62 83 82 73 72 33 23 32 52 71 31 81 61 51 41 22 21 77 88 87 18 11 17 27 12 -1
0 1 -28 43 35 56 42 36 46 25 65 57 66 64 63 76 67 58 68 78 37 75 34 47 16 28 86 53 26 74 62 84 83 73 85 51 82 52 41 24 33 14 13 12 61 72 77 27 48 38 18 17 15 31 21 32 88 87 81 23 11 71 22 -1
1 0 0 43 35 46 53 64 36 65 33 34 25 52 62 42 57 24 13 26 16 68 56 67 66 47 75 37 63 76 86 74 83 61 23 27 32 31 18 77 73 87 88 78 58 48 85 17 38 84 15 14 51 41 72 71 81 82 21 22 11 12 0 28 -1
0 -1 44 43 35 56 42 36 46 37 63 24 25 14 13 12 26 33 34 23 47 51 32 16 41 31 22 53 66 15 38 64 57 11 62 52 67 21 74 65 61 83 84 73 75 27 72 71 18 85 76 81 17 87 86 82 88 77 68 78 99 48 58 28 -1
0 -1 34 43 35 56 42 33 53 63 66 34 24 65 62 36 26 52 37 41 51 31 32 61 64 73 47 21 75 74 46 23 84 14 15 16 83 25 12 17 13 11 22 38 27 86 85 82 71 76 77 88 67 81 57 72 87 78 68 28 99 58 48 99 18 -1
1 1 10 43 35 46 53 64 36 65 33 34 25 52 62 42 51 24 63 56 61 16 26 32 74 41 57 67 76 66 75 58 47 73 84 83 82 48 37 15 23 14 31 77 88 85 13 27 87 86 78 68 38 81 18 71 72 21 17 28 22 12 11 -1
1 -1 -20 43 35 46 53 64 36 65 33 34 25 52 62 32 61 42 51 24 23 41 74 26 63 75 31 84 56 73 66 57 86 85 83 14 76 13 67 77 48 58 88 87 37 47 38 72 71 27 17 28 68 15 18 22 11 21 12 81 82 78 16 -1
1 -1 -12 43 35 46 53 64 36 65 33 34 25 52 62 32 61 42 51 24 23 41 74 26 63 75 31 83 37 73 16 14 15 47 13 38 56 66 67 22 86 76 11 57 68 48 58 78 27 18 28 12 21 17 88 71 87 77 81 72 85 84 82 -1
0 -1 16 43 35 56 42 36 46 37 63 34 24 53 65 64 74 23 66 33 32 52 41 61 25 51 31 21 62 13 57 26 14 15 47 71 38 73 17 68 48 16 12 85 83 72 27 18 28 58 67 11 22 78 77 87 88 82 81 84 86 76 75 -1
1 -1 -30 43 35 46 53 64 36 65 33 34 25 52 62 32 61 42 51 24 23 41 74 75 63 37 31 14 86 73 83 72 76 13 26 66 16 15 12 85 84 71 81 21 27 82 11 18 22 17 48 28 67 77 57 56 47 68 78 88 87 58 38 -1
0 1 -18 43 35 56 42 36 46 37 66 64 63 53 74 25 47 34 65 52 33 62 51 48 73 57 24 76 67 58 16 72 86 61 78 15 14 68 38 26 75 82 83 84 85 87 81 71 17 23 32 21 88 77 27 12 41 22 31 18 28 13 11 -1
0 -1 10 43 35 56 42 36 46 37 63 34 24 53 65 64 74 23 66 33 32 52 41 61 25 51 31 21 62 13 57 26 14 15 47 71 16 17 22 48 58 68 67 78 28 73 82 76 75 77 88 38 87 18 27 86 85 83 84 11 12 0 72 81 -1
0 1 -24 43 35 56 42 36 46 37 63 34 24 53 65 64 74 23 66 33 32 52 41 61 25 51 31 21 13 15 14 12 38 16 26 47 27 48 67 62 58 75 57 76 17 18 85 78 73 72 28 68 81 87 71 82 83 86 11 84 88 99 77 99 22 -1
1 -1 -12 43 35 46 53 64 36 65 33 34 25 52 62 32 61 42 51 24 23 41 74 26 63 75 31 83 37 73 16 14 15 22 47 13 11 56 12 21 86 48 84 38 57 66 82 72 81 71 27 76 28 18 17 0 87 77 88 78 68 67 85 0 58 -1
0 -1 32 43 35 56 42 36 46 25 65 57 66 64 63 33 24 76 34 75 86 13 47 23 15 38 37 84 85 87 48 14 67 16 28 68 26 78 58 18 77 73 83 82 74 88 72 41 53 32 12 11 22 52 51 21 31 81 62 61 71 27 17 -1
1 1 8 43 35 46 53 64 36 65 33 34 25 52 62 32 61 42 51 24 23 41 74 26 63 83 31 73 37 14 13 12 15 16 56 66 75 84 86 38 85 87 57 67 47 76 28 48 58 68 78 72 27 17 81 21 82 18 88 77 11 22 0 71 -1
1 -1 -10 43 35 46 53 64 36 65 33 34 25 52 56 42 66 23 75 24 73 16 63 26 32 67 57 37 38 74 83 84 85 27 68 77 76 87 62 61 88 51 41 72 86 31 82 28 18 47 17 15 14 13 12 81 71 22 48 58 21 11 0 78 -1
1 -1 -10 43 35 46 53 64 36 65 33 34 25 52 56 42 66 23 75 24 73 16 63 26 32 67 57 37 38 74 83 84 85 27 68 77 76 87 62 61 88 51 41 72 86 31 82 28 18 47 17 15 14 13 12 81 71 22 48 58 21 11 0 78 -1
0 -1 6 43 35 46 53 64 36 65 33 34 25 52 56 42 66 23 75 24 73 16 63 26 15 14 62 74 51 41 31 61 32 83 71 86 13 12 72 67 57 58 85 84 76 87 48 38 68 22 11 21 28 27 17 47 18 37 77 81 82 88 78 -1
1 -1 -8 43 35 46 53 64 33 63 56 34 65 36 24 13 25 32 14 42 73 74 23 52 31 83 41 76 47 15 16 51 26 17 22 57 66 75 68 37 61 11 72 62 12 48 18 21 38 82 84 85 58 67 78 71 81 28 86 88 27 87 77 -1
0 -1 22 43 35 56 42 36 46 25 65 57 66 64 63 74 37 67 75 47 85 38 68 76 34 53 48 32 33 24 31 52 23 41 86 13 26 77 15 17 51 58 28 87 22 62 61 11 16 14 12 21 88 71 18 78 72 27 99 82 81 83 84 73 -1
1 0 0 43 35 46 53 64 36 65 33 34 25 52 56 42 66 23 75 24 73 16 63 26 32 67 57 37 38 83 41 31 21 47 58 48 76 85 84 74 86 87 51 61 71 62 15 13 14 68 78 22 17 18 72 27 77 81 82 88 28 11 12 -1
1 -1 -4 43 35 46 53 64 36 65 33 34 25 52 62 32 61 42 51 24 23 41 74 26 63 75 31 84 56 57 37 14 13 16 15 12 47 73 68 17 76 66 67 86 77 22 11 21 18 88 27 78 85 28 38 48 72 83 58 87 82 81 71 -1
1 1 12 43 35 46 53 64 36 65 33 34 25 52 62 32 61 42 51 24 23 41 74 13 26 75 31 63 14 15 16 17 22 37 73 84 56 66 86 76 87 83 57 47 77 58 12 11 21 71 38 67 85 48 72 88 27 28 18 82 81 0 68 78 -1
0 -1 18 43 35 56 42 33 53 63 24 46 64 65 73 41 36 52 67 66 47 34 62 32 57 74 23 25 31 61 14 26 84 38 75 76 48 15 51 21 37 27 16 68 77 58 72 13 18 78 22 82 83 88 87 11 12 17 81 28 99 86 85 71 -1
1 -1 -18 43 35 46 53 64 36 65 33 34 25 52 62 32 61 42 51 24 23 41 74 26 63 75 31 84 56 73 66 57 86 85 83 14 76 13 67 77 48 58 88 87 37 47 38 71 81 27 18 28 17 16 15 82 72 22 21 12 11 0 68 78 -1
0 -1 18 43 35 56 42 33 53 63 66 34 24 65 62 36 26 25 37 52 16 31 51 61 64 73 47 76 46 41 75 23 32 15 14 74 85 86 87 67 84 83 82 57 58 48 38 78 68 28 27 18 17 13 22 77 88 21 11 12 71 72 -1
0 0 0 43 35 66 65 56 53 46 57 67 36 76 33 34 63 64 75 42 24 74 52 32 41 25 85 83 84 86 47 73 16 15 14 26 68 38 58 37 17 48 28 22 23 13 62 18 27 78 11 72 12 71 61 51 81 82 77 87 88 21 31 -1
1 -1 -12 43 35 46 53 64 36 65 33 34 25 52 62 32 61 42 51 24 23 41 74 13 26 75 14 63 31 22 47 56 11 21 12 38 67 73 58 15 72 37 16 27 18 17 82 83 84 81 71 85 48 68 28 76 86 66 78 87 77 57 88 -1
0 -1 4 43 35 46 53 64 36 65 33 34 25 62 56 32 42 31 66 23 63 26 24 16 15 37 47 74 83 73 52 84 75 41 85 14 38 27 82 72 12 13 18 11 17 57 81 71 48 86 51 61 67 77 88 58 76 78 21 22 68 28 87 -1
1 1 16 43 35 46 53 64 36 65 33 34 25 52 62 32 61 42 51 24 23 31 66 56 26 37 38 67 47 13 41 71 63 14 57 15 16 73 12 58 68 48 22 28 18 17 75 77 74 21 78 11 27 86 83 85 72 84 76 87 88 81 0 82 -1
0 -1 12 43 35 56 42 36 46 34 66 37 53 65 64 57 33 76 67 75 86 68 87 74 47 85 84 58 23 83 82 73 63 52 24 62 61 51 41 26 25 15 38 48 78 27 14 32 31 16 77 28 18 17 71 13 22 21 11 12 99 88 99 81 99 72 -1
1 0 0 43 33 34 53 64 46 42 62 52 23 35 61 32 63 24 65 74 31 36 73 66 13 25 16 75 56 83 47 37 26 27 48 67 57 28 78 14 15 22 86 76 85 68 58 84 77 38 18 17 11 12 21 41 51 72 81 87 88 82 71 -1
0 -1 30 43 35 66 65 56 53 46 57 36 34 68 33 64 47 63 25 38 74 73 67 83 75 76 85 84 82 86 87 26 17 15 27 37 77 24 14 18 16 52 72 62 41 51 42 81 58 48 28 61 71 31 78 88 0 13 23 12 22 21 11 32 -1
0 -1 10 43 35 66 65 56 53 33 42 34 46 63 47 57 68 25 26 37 15 36 24 32 62 38 58 48 28 51 73 74 64 75 41 31 23 52 61 71 67 84 76 87 72 14 86 81 88 77 12 13 21 78 85 18 83 11 22 82 99 16 27 17 -1
1 1 24 43 35 46 53 64 36 65 33 34 25 52 62 32 61 42 51 24 23 31 66 56 26 37 38 27 47 13 63 74 41 71 76 75 86 14 85 73 67 15 82 58 57 16 22 68 12 28 48 11 77 21 78 88 87 72 81 84 83 0 18 17 -1
0 1 -2 43 35 56 42 36 46 25 65 57 66 64 63 74 37 67 75 47 68 53 33 34 58 73 62 52 32 23 48 86 61 76 13 22 14 41 51 26 24 21 15 31 11 12 77 88 72 81 83 78 27 84 87 38 85 17 18 16 28 82 71 -1
0 -1 20 43 35 66 65 56 53 46 57 67 36 76 75 64 63 52 86 34 68 74 73 84 32 83 47 85 82 42 23 38 31 62 41 61 33 58 51 72 81 71 48 78 77 37 28 18 99 24 15 25 27 17 26 16 99 14 13 22 11 12 21 88 87 -1
1 1 2 43 35 46 53 64 36 65 33 34 25 52 62 32 61 42 51 24 23 31 66 56 26 37 38 27 47 13 41 71 63 76 57 73 74 72 67 85 83 84 75 82 21 11 12 86 81 15 14 16 22 28 87 58 68 48 77 88 78 0 18 17 -1
0 0 0 43 35 46 53 64 36 63 42 34 33 31 51 25 65 24 52 32 26 37 66 61 71 62 56 47 38 41 21 16 75 74 83 84 85 73 82 48 58 57 23 67 76 68 78 13 28 87 22 77 88 86 17 81 72 11 12 14 15 18 27 -1
0 -1 6 43 35 56 42 36 46 25 65 57 66 64 63 74 37 76 34 47 48 58 68 38 28 53 67 24 33 26 83 73 86 85 84 75 15 31 52 72 62 23 41 51 81 32 61 71 12 17 21 77 16 14 87 88 78 18 27 13 22 82 99 11 -1
1 1 10 43 35 46 53 64 36 65 33 34 25 52 62 32 61 42 51 24 23 31 41 71 63 56 26 21 47 13 57 66 73 14 74 67 75 76 86 77 12 11 22 15 16 38 48 17 58 78 28 68 88 83 27 84 82 37 72 87 18 85 0 81 -1
0 1 -2 43 35 56 42 36 46 25 65 57 66 64 63 74 37 76 34 47 48 58 68 38 28 53 67 24 33 26 86 75 52 87 85 23 73 62 51 84 83 82 27 32 14 13 31 77 16 15 72 41 61 22 21 18 17 78 88 81 71 11 12 -1
1 1 10 43 35 46 53 64 36 65 33 34 25 52 62 32 61 42 51 24 23 31 66 56 26 37 38 27 47 13 63 74 41 71 18 76 85 73 75 86 83 14 57 67 84 68 87 48 58 72 78 17 16 15 22 12 81 28 21 77 11 88 0 82 -1
1 -1 -12 43 35 46 53 64 36 65 33 34 25 52 56 42 66 23 75 24 73 16 63 26 15 14 62 37 47 58 38 67 57 68 48 28 51 74 85 76 31 41 32 83 13 84 86 12 22 87 72 61 82 81 71 21 11 0 17 27 18 0 78 77 88 -1
0 1 -34 43 35 56 42 36 46 25 65 57 66 64 63 74 37 76 34 47 48 58 68 67 78 38 28 53 52 33 86 32 26 73 15 61 51 14 13 41 24 77 23 75 88 87 85 22 62 71 84 83 27 12 82 16 11 31 21 17 81 72 18 -1
1 1 14 43 35 46 53 64 36 65 33 34 25 52 62 32 61 42 51 24 23 31 66 56 26 37 38 27 47 13 63 74 41 71 76 75 86 14 85 73 67 15 82 58 57 16 22 68 17 48 78 77 28 18 88 12 21 11 72 84 83 81 0 87 -1
0 -1 14 43 35 46 53 64 36 65 33 34 25 62 56 57 66 47 75 67 73 63 74 86 85 37 87 26 58 48 38 42 68 23 16 15 14 24 32 13 12 76 61 28 18 17 27 21 51 41 52 11 31 84 83 71 77 22 99 88 78 82 72 81 -1
1 0 0 43 35 46 53 64 36 65 33 34 25 52 62 32 61 42 51 24 23 31 66 56 26 37 38 27 47 13 41 71 63 76 57 73 74 72 67 85 83 84 75 82 21 11 12 86 81 15 22 14 87 16 18 78 68 77 17 58 48 28 88 -1
0 0 0 43 35 56 42 36 46 25 65 57 66 64 63 74 37 76 34 47 48 53 75 26 33 68 58 24 78 67 86 73 52 62 23 85 84 83 82 77 51 32 14 31 41 61 27 18 17 28 88 87 38 81 22 72 71 11 21 12 13 15 16 -1
1 1 2 43 35 46 53 64 36 65 33 34 25 52 62 32 61 42 51 24 23 31 66 56 26 37 38 27 47 13 63 74 41 71 18 76 85 73 75 86 83 14 57 67 84 68 87 48 77 58 72 81 82 16 15 17 28 88 78 0 21 11 22 12 -1
0 -1 14 43 35 46 53 64 36 65 33 34 25 62 56 57 66 47 75 67 73 63 74 86 85 37 87 26 58 48 38 42 68 23 16 15 14 24 32 13 12 76 61 28 18 17 27 21 51 41 52 11 31 84 83 71 77 22 99 88 78 82 72 81 -1
1 1 10 43 35 46 53 64 36 65 33 34 25 52 62 32 61 42 51 24 23 31 66 56 26 37 38 27 47 13 63 74 41 71 67 75 73 14 18 16 86 85 84 83 82 17 15 57 12 48 22 78 76 77 72 21 58 28 68 81 11 87 88 -1
1 1 4 43 35 46 53 64 36 65 33 34 25 52 62 32 61 42 51 24 23 31 66 56 26 37 38 27 47 13 63 74 41 71 18 76 75 73 85 83 84 86 12 11 21 22 81 14 15 57 82 72 77 67 48 88 87 17 16 58 68 28 0 78 -1
0 1 -8 43 35 46 53 64 36 65 33 34 25 52 56 42 66 23 75 24 73 16 63 26 32 41 62 71 14 84 13 74 61 51 85 47 83 37 57 72 48 86 76 82 38 27 15 12 17 18 28 68 67 22 81 87 88 58 31 21 11 77 78 -1
1 -1 -14 43 33 34 53 64 46 42 35 32 73 23 63 25 62 36 31 51 24 15 52 61 26 66 56 71 21 65 16 83 12 67 57 58 14 13 22 47 74 75 84 11 41 72 37 28 85 76 38 48 78 27 86 68 18 17 81 82 77 88 87 -1
1 1 2 43 35 46 53 64 36 65 33 34 25 52 62 32 61 42 51 24 23 31 66 56 26 37 38 27 47 13 63 74 41 71 67 75 73 14 18 16 86 85 84 83 82 17 15 57 12 48 58 76 22 68 72 28 87 77 78 88 0 81 0 21 11 -1
0 -1 8 43 35 66 65 56 53 46 57 67 36 76 42 34 33 24 63 64 75 58 47 32 23 14 31 84 68 48 38 37 28 52 41 73 74 62 83 51 85 72 81 82 77 88 86 21 12 25 61 13 11 22 15 71 27 87 78 18 17 16 26 -1
0 -1 10 43 35 46 53 64 36 65 33 34 25 62 56 57 66 47 68 58 48 67 78 32 42 24 31 52 13 23 61 14 15 16 17 27 76 26 74 84 83 82 12 38 18 88 75 85 86 87 77 63 37 41 51 21 11 22 71 72 81 73 0 28 -1
1 1 6 43 35 46 53 64 36 65 33 34 25 52 62 32 61 42 51 24 23 31 66 56 26 37 38 27 47 13 63 74 41 71 18 76 75 73 85 86 57 67 84 83 68 77 12 11 21 48 81 58 82 22 87 88 78 16 17 28 15 14 0 72 -1
0 1 -26 43 35 56 42 36 46 25 65 57 66 64 63 74 76 73 84 83 82 67 85 86 87 75 68 33 58 53 32 41 31 23 51 52 34 62 13 24 61 77 47 48 38 37 28 72 14 78 88 16 26 12 11 15 17 21 22 27 18 71 81 -1
1 1 8 43 35 46 53 64 36 65 33 34 25 52 62 32 61 42 51 24 23 31 66 56 26 37 38 27 47 13 63 74 41 71 84 73 76 83 85 75 86 72 67 15 14 16 22 21 28 18 17 57 48 58 11 12 81 82 0 68 77 88 87 78 -1
0 -1 6 43 35 56 42 36 46 25 65 57 66 64 63 76 47 58 38 37 67 75 28 68 24 34 15 16 17 53 23 26 73 32 41 48 78 74 14 33 62 52 61 51 72 83 85 31 84 71 27 86 77 88 22 11 12 18 87 13 21 81 82 -1
0 1 -14 43 35 66 65 56 53 33 42 32 64 41 46 52 63 37 62 76 75 73 74 36 84 25 67 68 31 51 61 86 24 34 47 85 87 82 57 38 21 15 23 12 26 16 48 58 27 77 88 18 28 78 14 72 71 13 17 22 11 99 81 99 83 -1
1 0 0 43 35 46 53 64 36 65 33 34 25 52 62 32 61 42 51 24 23 31 66 56 26 37 38 27 47 13 63 74 41 71 57 75 73 14 18 84 76 15 16 87 85 86 82 17 12 67 21 11 22 58 68 78 72 28 48 81 88 83 77 -1
0 -1 2 43 35 46 53 64 36 65 33 34 25 62 56 42 66 57 74 37 75 26 63 73 67 86 58 76 24 47 48 38 28 83 16 52 41 23 32 15 14 78 71 61 51 21 31 81 72 12 13 17 27 68 88 18 82 84 87 85 77 22 11 -1
0 1 -4 43 35 46 53 64 36 65 33 34 25 52 56 42 66 23 75 24 73 16 63 26 32 41 62 71 14 84 13 74 21 31 51 86 22 67 83 72 81 61 82 11 12 57 37 38 58 68 47 48 85 76 87 15 17 18 77 27 28 88 78 -1
1 -1 -2 43 35 46 53 64 36 65 33 34 25 52 62 32 61 42 51 24 23 31 66 56 26 37 38 27 47 13 63 74 41 71 18 76 84 75 73 85 83 67 68 82 87 14 15 57 77 48 58 72 12 22 86 88 78 17 28 16 11 21 81 -1
0 1 -14 43 35 46 53 64 36 65 33 34 25 52 56 42 66 23 75 24 73 16 63 26 32 41 62 71 14 84 13 74 21 15 17 86 85 31 51 22 11 12 27 47 76 67 57 37 61 72 77 88 87 18 81 48 58 38 28 68 78 99 82 83 -1
1 -1 -2 43 35 46 53 64 36 65 33 34 25 52 62 32 61 42 51 24 23 31 66 56 26 37 38 27 47 13 63 74 41 71 18 76 84 75 73 85 83 67 68 82 87 14 15 57 77 48 58 72 12 22 86 88 78 17 28 16 11 21 81 -1
0 -1 6 43 35 56 42 36 46 25 65 57 66 64 63 76 47 58 38 37 67 75 28 68 24 34 15 16 17 53 23 26 73 32 41 48 78 74 14 33 62 52 61 51 72 83 85 31 84 71 27 86 77 88 22 11 12 18 87 13 21 81 82 -1
1 1 8 43 35 46 53 64 36 65 33 34 25 52 62 32 61 42 51 24 23 31 66 56 26 37 38 27 47 13 63 74 41 71 84 73 76 83 85 75 86 72 67 15 14 16 22 21 28 18 17 57 48 58 11 12 81 82 0 68 77 88 87 78 -1
0 -1 12 43 35 46 53 64 36 65 33 34 25 52 56 42 66 23 75 24 73 16 63 26 32 41 62 71 14 84 13 74 21 86 51 31 22 11 61 12 82 83 81 72 85 15 87 37 27 28 18 17 38 57 67 48 47 76 58 77 68 78 88 -1
1 -1 -2 43 35 46 53 64 36 65 33 34 25 52 62 32 61 42 51 24 23 31 66 56 26 37 38 27 47 13 63 74 41 71 18 75 73 76 84 85 83 67 68 82 87 14 15 57 77 48 58 72 12 22 86 88 78 17 28 16 11 21 81 -1
0 -1 26 43 35 56 42 36 46 25 65 57 66 64 63 76 47 58 38 37 67 75 28 68 24 34 15 16 17 53 26 13 73 74 84 62 52 33 85 86 23 12 61 32 87 41 51 31 21 82 83 88 14 18 48 27 78 77 0 72 71 81 0 11 0 22 -1
1 0 0 43 33 34 53 64 35 52 74 26 42 24 23 25 32 31 41 51 36 14 61 71 12 63 62 75 22 66 56 65 46 84 73 83 67 37 86 47 57 85 76 87 48 38 28 68 16 13 15 77 21 11 72 27 58 18 17 81 88 78 82 -1
0 -1 6 43 35 46 53 64 36 65 33 34 25 62 56 57 66 75 76 26 24 47 37 13 38 63 48 15 85 52 23 32 31 42 16 68 14 17 22 58 78 27 73 41 21 11 12 83 18 28 67 88 71 61 51 77 74 87 72 81 82 86 84 -1
1 -1 -4 43 35 46 53 64 36 65 33 34 25 52 62 32 61 24 31 42 63 56 26 15 16 17 41 37 23 14 47 51 22 13 12 11 21 74 67 73 75 48 84 57 66 78 68 58 83 77 27 38 76 86 18 82 81 28 88 72 71 85 87 -1
1 1 12 43 35 46 53 64 36 65 33 34 25 52 62 32 61 42 51 24 23 41 74 75 63 71 47 83 56 73 21 48 57 66 38 28 76 67 68 86 78 37 72 26 16 17 27 15 13 31 81 82 77 88 14 12 87 58 22 11 84 85 0 18 -1
0 1 -20 43 35 46 53 64 36 65 33 34 25 52 56 42 66 23 75 24 73 16 63 26 32 41 62 71 14 84 13 74 51 61 82 85 76 87 72 77 15 47 67 12 57 48 31 21 58 22 38 37 86 81 83 0 88 78 11 0 17 27 68 0 28 18 -1
0 0 0 43 35 56 42 36 46 25 65 57 66 64 63 76 47 58 38 37 67 75 28 68 24 34 15 16 17 53 26 13 73 74 23 62 51 32 41 31 21 61 71 52 33 82 86 12 48 18 14 84 83 27 81 85 11 72 77 22 99 88 87 78 -1
0 -1 22 43 35 46 53 64 36 65 33 34 25 62 56 24 66 52 42 23 61 51 41 31 21 32 13 57 67 47 14 26 76 74 75 15 16 63 68 58 38 73 48 86 71 37 84 83 82 87 28 85 88 78 22 18 77 72 0 11 12 81 0 17 27 -1
0 -1 18 43 35 46 53 64 36 65 33 34 25 62 56 57 66 47 67 37 75 42 73 76 86 74 63 68 31 83 84 52 41 51 61 26 16 24 13 32 21 14 15 72 28 38 48 23 12 58 78 77 81 85 27 71 82 11 87 88 0 18 0 17 0 22 -1
1 1 8 43 35 46 53 64 36 65 33 34 25 52 62 32 61 24 26 56 31 15 47 57 63 22 66 67 58 48 68 37 11 78 28 76 75 85 84 83 86 87 27 74 16 18 38 51 88 77 73 14 23 17 82 12 13 21 42 41 0 72 71 81 -1
0 1 -14 43 35 46 53 64 36 65 33 34 25 62 56 57 66 47 68 58 48 67 52 38 28 37 78 14 26 16 73 63 51 83 15 24 23 42 41 22 76 86 32 31 75 13 11 27 84 85 74 21 18 17 12 82 77 71 61 87 88 72 81 -1
1 1 14 43 35 46 53 64 36 65 33 34 25 52 62 32 61 24 26 56 31 15 16 17 63 42 14 13 23 12 41 73 74 83 47 57 76 75 68 38 37 48 67 66 58 78 86 84 85 87 27 51 71 81 82 72 22 28 77 18 88 21 11 -1
0 -1 6 43 35 46 53 64 36 65 33 34 25 62 56 57 66 47 68 58 48 67 52 38 28 37 78 24 26 15 13 14 16 23 73 74 84 42 12 63 76 83 75 85 32 86 41 51 77 88 87 18 71 61 31 17 27 81 82 72 22 11 21 -1
1 -1 -22 43 35 46 53 64 36 65 33 34 25 52 62 32 61 42 51 24 23 31 66 56 26 37 38 14 75 74 15 13 57 85 41 71 63 73 12 47 76 48 84 86 82 83 87 77 88 17 22 67 16 11 21 28 78 68 81 27 72 0 18 0 58 -1
0 1 -16 43 35 56 42 36 46 25 65 57 66 64 63 76 47 58 38 37 67 75 48 28 68 78 74 34 85 33 23 53 52 32 86 41 24 15 13 61 51 14 16 84 77 73 31 21 62 26 72 81 71 22 17 83 82 27 18 87 88 0 11 12 -1
1 1 16 43 35 46 53 64 36 65 33 34 25 52 62 32 61 24 26 56 31 15 16 17 47 57 14 13 23 12 63 42 41 51 68 37 38 74 73 75 84 85 72 22 11 21 67 83 18 81 66 28 27 76 86 87 82 71 88 77 0 78 58 48 -1
0 -1 2 43 35 46 53 64 36 65 33 34 25 62 56 57 66 47 68 58 48 67 52 38 28 37 78 24 26 15 13 14 16 23 73 74 51 61 71 63 76 42 12 27 41 31 21 32 84 75 86 72 81 82 18 17 83 85 22 11 99 77 87 88 -1
1 1 14 43 35 46 53 64 36 65 33 34 25 52 62 32 61 42 51 24 23 31 66 56 26 37 38 14 75 74 15 13 41 71 63 47 16 17 12 11 21 72 81 73 67 22 57 85 82 76 86 58 78 68 48 27 84 83 28 77 87 88 0 18 -1
1 -1 -2 43 33 34 53 64 46 42 63 52 32 62 35 23 41 51 61 24 25 36 14 16 13 15 17 26 56 65 47 21 31 71 66 57 75 38 68 58 67 74 84 37 73 86 85 72 22 77 87 11 12 18 88 78 48 76 28 27 83 82 81 -1
0 -1 2 43 35 46 53 64 36 65 33 34 25 62 56 57 66 47 67 37 75 42 73 76 48 58 68 85 63 84 83 52 31 74 86 14 15 24 13 23 51 41 12 71 61 32 81 16 17 22 11 21 26 38 28 78 88 87 77 82 27 72 0 18 -1
1 1 6 43 35 46 53 64 36 65 33 34 25 52 62 32 61 42 51 24 23 31 66 56 26 37 38 14 75 74 15 13 41 71 63 47 16 17 58 85 12 11 67 57 21 22 81 73 82 72 84 83 68 48 86 28 18 27 76 78 88 87 77 -1
0 1 -8 43 35 56 42 36 46 25 65 57 66 64 63 76 47 58 38 37 67 75 48 28 68 78 74 34 85 33 23 53 52 32 86 14 13 73 24 41 15 26 16 61 51 84 77 62 72 22 11 12 27 81 71 18 17 83 82 87 88 99 21 99 31 -1
0 1 -6 43 35 46 53 64 36 65 33 34 25 62 56 57 66 47 67 37 75 42 73 76 48 58 38 63 74 86 85 83 87 84 82 26 15 24 14 28 32 23 31 52 41 13 51 61 12 72 78 22 11 21 27 18 68 88 77 81 71 16 17 -1
1 -1 -12 43 35 46 53 64 36 65 33 34 25 52 62 32 61 42 51 24 23 31 66 56 26 37 38 14 75 74 15 13 41 71 63 47 16 17 73 76 48 57 58 68 67 28 86 78 77 84 85 88 87 72 21 83 81 82 22 11 12 0 18 0 27 -1
1 -1 -14 43 35 46 53 64 36 65 33 34 25 52 62 32 61 27 37 26 47 56 18 15 17 16 66 23 57 42 74 24 73 51 63 67 68 71 31 41 81 22 12 14 11 21 72 84 85 75 83 77 13 82 88 76 87 86 0 38 28 78 48 58 -1
1 1 12 43 35 46 53 64 36 65 33 34 25 52 62 32 61 42 51 24 23 31 66 56 26 37 38 27 47 13 63 74 41 71 18 76 84 85 57 67 75 83 86 77 73 87 68 48 12 11 58 82 21 22 81 16 14 15 17 28 88 78 0 72 -1
0 -1 24 43 35 46 53 64 36 65 33 34 25 62 56 57 66 75 76 26 85 47 37 74 24 63 16 67 84 32 31 23 14 38 52 51 61 42 41 73 83 72 77 88 81 82 27 71 58 87 86 48 78 22 13 11 21 12 28 18 17 68 99 15 -1
1 0 0 43 35 46 53 64 36 65 33 34 25 52 62 32 61 42 51 24 23 31 66 56 26 37 38 27 47 13 63 74 41 71 67 75 76 73 86 85 18 16 14 87 12 58 72 15 17 22 78 57 84 48 68 81 88 77 82 28 21 11 0 83 -1
0 -1 18 43 35 46 53 64 36 65 33 34 25 62 56 57 66 75 63 47 74 83 76 67 48 52 58 68 78 86 51 41 31 42 73 61 85 21 72 26 37 71 24 13 14 32 15 16 87 38 28 84 82 81 23 88 77 18 22 27 17 12 11 -1
1 1 12 43 35 46 53 64 36 65 33 34 25 52 62 32 61 42 51 24 23 31 66 56 26 37 38 27 47 13 63 74 41 71 84 83 82 73 85 76 75 86 87 14 67 15 18 58 48 57 16 68 78 28 12 88 72 81 17 77 21 11 22 -1
0 1 -8 43 35 46 53 64 36 65 33 34 25 62 56 57 66 75 63 47 73 52 42 74 67 37 84 83 82 68 85 76 86 26 48 58 78 14 24 31 38 32 72 13 41 61 51 23 22 27 12 81 71 87 18 28 17 88 77 11 21 15 16 -1
0 -1 12 43 35 56 42 33 53 63 65 66 32 64 34 31 74 46 36 73 75 85 51 86 52 25 26 24 15 61 71 62 14 23 47 13 57 37 12 68 48 58 78 38 28 41 21 67 76 17 22 27 83 84 18 16 82 81 72 11 99 87 77 88 -1
0 -1 10 43 35 46 53 64 36 65 33 34 25 52 56 32 66 23 75 24 63 16 62 73 14 15 17 74 13 86 12 76 31 51 42 67 84 85 87 57 83 37 71 26 47 61 41 38 27 18 28 11 72 48 68 81 82 88 58 78 77 21 22 -1
0 -1 14 43 35 46 53 64 36 65 33 34 25 62 56 57 66 75 76 26 24 47 37 74 63 67 68 58 48 52 83 73 78 28 84 42 32 13 14 16 23 15 22 85 41 87 71 61 51 12 72 11 86 27 18 17 38 31 88 77 21 81 99 82 -1
0 1 -4 43 35 56 42 32 63 65 66 25 64 33 57 52 36 37 34 53 16 24 47 46 51 26 41 58 38 68 67 74 75 73 62 31 21 86 23 13 22 76 28 48 78 11 15 14 77 88 27 72 87 61 84 85 83 82 12 17 18 99 81 71 -1
1 -1 -16 43 35 46 53 64 36 65 33 34 25 52 62 32 61 42 51 24 23 31 66 16 56 15 14 13 26 47 67 57 75 85 48 17 74 84 37 76 41 71 12 11 21 22 86 87 83 82 63 77 81 28 73 72 88 38 18 68 27 58 78 -1
1 1 42 43 35 46 53 64 36 65 63 34 23 52 33 74 66 56 67 57 76 75 62 73 86 84 37 68 85 87 83 82 42 61 48 58 78 51 41 31 32 47 38 13 22 24 14 15 26 25 16 17 27 11 12 18 28 88 72 71 0 81 0 21 0 77 -1
0 0 0 43 35 56 42 36 46 34 66 37 65 53 64 32 33 41 24 23 25 16 15 14 12 63 52 62 26 74 75 73 57 13 17 86 84 47 58 68 78 67 76 85 87 38 31 21 61 22 11 51 83 71 81 82 72 88 28 48 0 18 0 27 0 77 -1
0 1 -34 43 35 56 42 36 46 25 65 57 66 64 63 76 47 58 38 37 86 74 75 85 26 67 84 34 87 16 24 13 68 23 48 33 28 83 82 73 53 32 62 41 22 52 51 31 11 21 12 14 15 78 88 77 27 18 17 72 81 71 61 -1
1 1 8 43 35 46 53 64 36 65 33 34 25 52 62 32 61 42 51 24 23 41 74 75 63 71 47 83 56 73 21 48 57 66 38 28 76 67 68 85 86 37 78 26 84 87 77 58 18 16 14 88 15 31 22 11 82 13 12 17 27 72 81 -1
0 -1 10 43 35 66 65 56 53 33 42 36 64 25 67 76 46 68 57 47 26 34 15 37 23 16 17 24 14 75 38 73 48 58 27 13 12 52 61 41 51 71 62 63 84 18 28 74 85 86 87 77 88 78 83 72 81 82 31 11 99 22 32 21 -1
0 -1 6 43 35 56 42 36 46 25 65 57 66 64 63 76 47 58 38 37 86 33 23 53 26 32 31 74 34 24 62 67 13 15 14 16 17 73 52 22 75 84 28 85 83 41 51 12 11 21 78 77 88 87 68 48 0 18 0 72 71 61 0 27 0 82 81 -1
0 -1 2 43 35 56 42 36 46 25 65 57 66 64 63 33 48 68 58 38 34 76 32 53 75 24 23 52 86 41 31 62 14 74 67 73 51 61 71 47 83 78 15 85 84 77 88 87 26 72 28 37 27 18 17 16 81 82 0 13 22 11 12 21 -1
1 -1 -10 43 35 46 53 64 36 65 33 34 25 52 62 32 61 42 51 24 23 31 66 16 56 15 14 13 26 17 41 37 47 38 58 72 21 27 57 48 18 28 71 22 63 67 68 76 81 77 75 85 12 78 88 74 87 86 84 11 0 82 73 83 -1
0 -1 2 43 35 56 42 36 46 25 65 57 66 64 63 76 47 58 38 37 28 75 74 33 85 67 86 77 23 53 88 73 24 34 62 61 16 32 41 51 31 52 71 83 68 12 14 15 84 13 11 21 26 27 22 81 48 78 82 87 72 18 17 -1
1 -1 -12 43 35 46 53 64 36 65 33 34 25 52 62 32 61 42 51 24 23 31 66 16 56 15 14 13 26 17 41 37 47 38 58 72 21 27 57 48 18 28 71 22 63 67 68 76 81 77 12 11 75 84 87 88 78 74 83 86 85 82 73 -1
0 1 -22 43 35 46 53 64 36 65 33 34 25 62 56 57 66 75 63 47 73 52 42 37 86 41 76 67 38 74 32 83 84 26 68 85 82 78 58 48 88 87 77 27 24 81 18 28 15 21 31 22 23 13 17 16 11 72 51 61 71 14 12 -1
0 -1 12 43 35 66 65 56 53 46 57 67 36 76 86 58 64 47 37 75 34 73 85 74 84 33 42 26 38 25 62 48 68 23 28 63 52 41 24 15 31 21 32 72 13 14 22 51 61 71 12 11 81 87 88 78 77 18 27 16 17 82 83 -1
1 -1 -22 43 35 46 53 64 36 65 33 34 25 52 62 32 61 42 51 24 23 41 74 63 26 71 73 83 85 82 21 17 16 84 18 86 57 47 58 48 38 68 78 22 66 76 11 75 31 67 56 37 77 12 13 15 14 88 87 28 27 72 81 -1
1 -1 -14 43 35 46 53 64 36 65 33 34 25 52 56 42 66 23 75 24 73 16 63 26 15 14 62 74 51 86 84 85 83 82 31 41 32 57 77 76 37 47 58 67 78 48 28 38 68 21 11 22 12 88 13 18 87 61 71 72 81 0 17 27 -1
1 -1 -14 43 35 46 53 64 36 65 33 34 25 52 56 42 66 23 75 24 73 16 63 26 15 14 62 74 51 86 84 85 83 82 31 41 32 57 77 76 37 47 58 67 78 48 28 38 68 21 11 22 12 88 13 18 87 61 71 72 81 0 17 27 -1
0 -1 10 43 35 56 42 36 46 25 65 57 66 64 63 76 47 58 38 37 67 75 28 68 24 34 15 16 17 53 26 52 23 73 61 32 41 51 62 31 48 18 21 27 33 14 13 12 84 83 85 86 77 78 88 87 74 72 82 81 71 11 22 -1
0 -1 18 43 35 66 65 56 53 46 57 67 36 76 42 34 25 23 33 24 75 58 47 16 63 84 86 26 64 32 68 37 48 41 14 13 12 62 52 15 17 61 51 74 31 85 83 73 71 38 72 27 18 28 99 81 82 22 11 87 77 21 99 88 78 -1
1 1 24 43 35 46 53 64 36 65 33 34 25 52 62 32 61 42 51 24 23 31 66 56 26 37 38 27 47 13 63 74 41 71 57 73 18 75 76 67 85 83 84 86 68 58 48 77 82 81 72 14 15 22 12 21 87 88 78 17 28 16 0 11 -1
0 -1 10 43 35 46 53 64 36 65 33 34 25 62 56 57 66 75 63 47 74 83 76 52 42 73 67 31 68 58 85 84 82 86 87 32 48 24 13 15 14 12 23 38 28 77 88 78 37 18 71 61 51 41 21 16 26 17 27 22 11 72 81 -1
1 1 10 43 35 46 53 64 36 65 33 34 25 52 62 32 61 42 51 24 23 31 66 56 26 37 38 27 47 13 63 74 41 71 18 76 84 75 73 85 83 67 68 82 87 48 58 57 77 88 86 78 81 72 21 14 15 22 12 11 0 16 17 28 -1
1 1 18 43 35 46 53 64 36 65 33 34 25 52 62 32 61 42 51 24 23 31 66 56 26 37 38 27 47 13 63 74 41 71 84 73 67 83 76 85 75 86 22 15 18 17 16 68 58 87 78 57 82 81 77 88 72 14 21 12 11 48 0 28 -1
1 -1 -22 43 35 46 53 64 36 65 63 34 23 52 42 74 61 31 41 32 62 33 24 22 84 15 14 13 21 51 11 56 76 73 66 85 26 12 75 83 25 17 16 86 18 87 71 81 82 37 88 72 67 47 38 68 77 78 58 48 57 28 27 -1
0 0 0 43 35 46 53 64 36 65 33 34 25 62 56 57 66 75 63 47 73 52 86 37 42 41 76 67 32 26 68 23 31 74 51 84 77 83 85 72 16 27 13 61 24 14 15 88 58 48 87 21 18 78 81 82 71 22 38 12 11 17 28 -1
1 -1 -22 43 35 46 53 64 36 65 33 34 25 52 62 32 61 42 51 24 23 41 74 63 26 71 73 83 85 82 21 17 16 84 18 86 57 47 58 48 38 68 78 22 66 76 11 75 31 67 56 37 77 12 13 15 14 88 87 28 27 72 81 -1
0 0 0 43 35 66 65 56 53 33 42 63 32 51 62 61 57 64 41 31 52 34 76 46 36 58 73 67 75 74 72 47 84 81 37 24 68 86 85 82 87 26 38 78 48 28 77 88 25 16 15 27 14 83 22 12 11 23 21 13 71 0 17 18 -1
0 1 -32 43 35 56 42 36 46 25 65 57 66 64 63 76 47 58 38 37 48 28 24 53 77 13 26 15 68 27 34 32 18 33 52 17 16 75 14 23 12 67 41 73 78 88 83 51 61 72 81 82 84 86 85 74 62 71 87 31 21 22 11 -1
1 0 0 43 35 46 53 64 36 65 33 34 25 52 62 32 61 42 51 24 23 31 66 56 26 37 38 27 47 13 63 74 41 71 76 75 67 14 86 85 18 15 73 87 16 82 77 17 12 88 57 78 83 84 22 58 68 11 21 48 72 81 28 -1
0 0 0 43 35 56 42 36 46 25 65 57 66 64 63 33 58 68 78 67 48 76 34 75 47 73 32 62 24 37 15 53 38 23 14 41 72 26 16 13 12 28 18 17 85 11 22 87 74 84 27 86 51 21 31 52 61 81 83 71 82 77 88 -1
1 -1 -8 43 35 46 53 64 36 65 33 34 25 52 62 32 61 42 51 24 23 31 66 56 26 37 38 27 47 13 63 74 41 71 85 83 76 75 86 73 84 67 18 87 57 14 15 68 12 22 11 48 58 21 72 82 81 77 88 78 0 17 28 16 -1
0 1 -12 43 35 56 42 36 46 33 53 34 23 32 26 25 14 47 24 37 41 52 38 15 16 13 12 51 58 31 65 48 57 28 64 68 67 27 63 62 61 66 21 73 84 75 74 22 17 76 87 85 11 83 72 82 86 18 81 77 71 0 78 88 -1
1 -1 -12 43 35 46 53 64 36 65 33 34 25 52 62 32 61 42 51 24 23 31 66 56 26 37 38 14 75 74 15 13 57 86 41 71 76 63 47 67 83 84 68 87 73 82 85 72 88 16 81 58 21 48 17 78 22 11 12 18 27 77 28 -1
0 -1 6 43 35 56 42 33 53 63 65 66 32 64 34 41 62 52 74 73 83 61 31 36 46 26 75 24 47 51 71 57 48 68 25 38 58 37 16 15 23 13 22 27 14 17 18 28 12 86 84 76 87 88 78 11 72 81 21 82 77 67 0 85 -1
1 -1 -12 43 35 46 53 64 36 65 33 34 25 52 62 32 61 42 51 24 23 31 66 56 26 37 38 14 75 74 15 13 57 86 41 71 76 63 47 67 83 84 68 87 73 82 85 72 88 16 81 58 21 48 17 78 22 11 12 18 27 77 28 -1
0 -1 6 43 35 56 42 33 53 63 65 66 32 64 34 41 62 52 74 73 83 61 31 36 46 26 75 24 47 51 71 57 48 68 25 38 58 37 16 15 23 13 22 27 14 17 18 28 12 86 84 76 87 88 78 11 72 81 21 82 77 67 0 85 -1
1 -1 -8 43 35 46 53 64 36 65 33 34 25 52 62 32 61 42 51 24 23 31 66 56 26 37 38 27 47 13 63 74 41 71 85 83 76 75 86 73 84 67 18 87 57 14 15 68 12 22 11 48 58 21 72 82 81 77 88 78 0 17 28 16 -1
0 -1 14 43 35 56 42 33 53 63 65 66 32 64 62 52 74 73 61 83 34 41 72 24 76 36 51 46 85 84 31 75 82 86 25 23 15 81 71 21 22 11 12 26 16 14 13 17 37 57 27 18 67 28 68 47 87 78 38 88 77 48 58 -1
1 -1 -12 43 35 46 53 64 36 65 33 34 25 52 62 32 61 42 51 24 23 31 66 56 26 37 38 14 75 74 15 13 57 86 41 71 76 63 47 67 83 84 68 87 73 82 85 72 88 16 81 58 21 48 17 78 22 11 12 18 27 77 28 -1
1 0 0 43 35 46 53 64 36 65 33 34 25 52 62 32 61 42 51 24 23 31 66 56 26 37 38 27 47 13 63 74 41 71 85 75 73 76 18 48 12 11 21 82 83 84 67 22 81 87 72 77 57 86 58 14 88 15 16 17 0 68 78 28 -1
0 -1 2 43 35 46 53 64 36 65 33 34 25 52 56 42 66 23 75 24 73 16 63 26 32 41 62 71 14 84 13 74 61 51 85 86 76 87 82 67 57 58 48 68 37 47 27 77 88 78 83 18 28 17 38 15 22 11 31 21 12 72 81 -1
1 -1 -12 43 35 46 53 64 36 65 33 34 25 52 62 32 61 42 51 24 23 31 66 56 26 37 38 27 47 13 63 74 41 71 12 15 14 17 67 72 75 58 48 11 21 16 22 57 68 73 83 86 84 76 85 82 81 77 18 28 87 78 88 -1
1 1 2 43 35 46 53 64 36 65 33 34 25 52 62 32 61 42 51 24 23 31 66 56 26 37 38 14 75 74 15 13 41 71 63 47 16 17 73 76 48 57 58 67 68 86 27 85 72 83 81 82 21 18 28 22 77 87 84 78 88 0 12 11 -1
0 1 -40 43 35 56 42 36 46 25 65 57 66 64 63 76 47 58 38 37 67 75 48 28 68 78 24 73 83 53 52 62 51 61 84 74 15 13 23 14 12 32 31 41 71 22 34 33 16 77 26 72 81 82 11 85 21 27 18 17 88 87 86 -1
1 1 20 43 35 46 53 64 36 65 33 34 25 52 62 32 61 42 51 24 23 31 66 56 26 37 38 14 75 74 15 13 41 71 63 47 16 17 21 11 58 86 73 57 12 83 76 67 68 87 72 48 18 28 85 27 84 81 82 77 88 78 0 22 -1
0 -1 4 43 35 56 42 36 46 37 66 64 47 33 53 34 23 38 65 63 57 32 24 25 15 52 48 13 28 14 12 26 16 68 31 67 41 51 61 62 71 22 73 75 74 76 85 86 87 84 83 72 11 21 78 88 77 82 81 58 99 18 99 17 27 -1
1 1 20 43 35 46 53 64 36 65 33 34 25 52 62 32 61 42 51 24 23 41 74 63 26 71 73 83 85 37 21 72 66 56 76 84 75 31 81 82 67 47 38 57 48 68 86 14 58 15 78 17 13 22 16 12 0 77 87 88 0 28 27 18 -1
0 1 -12 43 35 56 42 36 46 37 66 64 47 33 53 34 23 38 65 63 57 32 75 51 24 25 15 73 74 52 26 13 62 84 58 14 12 17 85 27 61 71 18 16 22 72 28 83 67 11 48 76 81 82 41 78 86 77 68 21 31 87 88 -1
1 1 4 43 35 46 53 64 36 65 33 34 25 52 62 32 61 42 51 24 23 41 74 63 26 71 73 83 85 37 21 72 66 56 76 84 75 31 81 82 67 47 38 57 48 68 86 14 15 22 13 11 12 16 58 28 77 88 17 18 27 78 87 -1
0 1 -46 43 35 56 42 36 46 37 66 64 47 38 65 53 67 57 73 76 48 75 58 32 25 33 28 26 74 52 16 15 14 68 78 77 24 34 23 84 31 13 12 62 63 22 51 41 11 21 88 27 87 61 86 85 83 82 18 99 17 99 72 71 81 -1
1 1 56 43 35 46 53 64 36 65 33 34 25 52 62 32 61 42 51 24 23 41 74 63 26 71 73 83 85 37 66 75 84 86 76 57 67 87 56 47 38 68 58 82 31 21 77 14 15 88 13 78 0 48 0 17 16 12 22 28 72 81 0 11 0 27 -1
0 -1 6 43 35 56 42 33 53 63 65 66 32 64 62 52 73 74 61 83 34 41 84 85 46 24 51 71 57 26 15 23 75 14 25 36 37 16 72 38 27 67 76 31 58 48 68 86 47 78 13 18 28 17 88 12 21 11 22 81 82 0 87 77 -1
1 1 26 43 35 46 53 64 36 65 33 34 25 52 62 32 61 42 51 24 23 41 74 63 26 71 73 83 85 37 66 75 84 86 21 82 76 57 67 56 27 14 13 47 16 18 15 68 77 17 58 38 28 48 87 88 31 11 72 81 78 12 0 22 -1
0 1 -12 43 35 56 42 36 46 37 66 64 47 38 65 53 67 57 73 33 63 34 58 41 52 61 51 62 48 83 32 31 72 75 82 84 74 76 28 85 26 81 25 15 71 16 24 13 22 23 21 78 14 27 18 17 68 77 88 87 86 11 12 -1
1 -1 -12 43 35 46 53 64 36 65 63 34 33 52 62 74 61 41 73 42 85 23 24 75 51 71 86 83 32 31 76 66 84 87 56 21 57 58 47 82 48 67 25 38 37 28 68 78 13 16 26 14 15 72 27 18 17 22 11 12 81 77 88 -1
1 1 46 43 35 46 53 64 36 65 33 34 25 52 62 32 61 42 51 24 23 41 74 63 26 71 73 83 85 37 66 75 84 86 76 57 67 87 56 47 38 68 58 82 31 21 77 14 78 88 72 81 15 13 12 17 16 11 0 22 0 27 28 48 0 18 -1
0 1 -2 43 35 56 42 33 53 63 65 66 32 64 62 52 73 74 61 41 51 71 84 31 75 36 46 76 87 34 67 47 48 58 68 57 38 83 82 37 28 77 23 85 88 78 86 18 24 27 17 26 25 12 22 16 14 11 21 13 15 72 81 -1
1 1 18 43 35 46 53 64 36 65 33 34 25 52 62 32 61 42 51 24 23 41 74 63 26 71 73 83 85 37 76 66 75 86 57 84 67 13 21 16 14 15 22 47 56 11 72 58 12 31 68 48 77 88 87 78 27 18 17 28 38 0 82 81 -1
0 1 -34 43 35 56 42 36 46 37 66 64 47 38 65 53 67 57 73 76 48 75 58 32 25 33 28 26 74 52 16 15 14 68 78 77 24 34 23 84 31 13 12 62 83 82 41 27 85 17 18 86 71 63 88 61 51 21 11 22 87 99 81 99 72 -1
1 1 40 43 35 46 53 64 36 65 33 34 25 52 62 32 61 42 51 24 23 41 74 63 26 71 73 83 85 37 76 66 75 86 57 84 47 13 67 14 31 21 15 16 38 68 56 58 27 18 28 17 48 22 77 87 82 81 11 12 88 78 0 72 -1
1 -1 -22 43 35 46 53 64 36 65 33 34 25 52 56 42 66 23 75 24 73 16 63 26 32 67 57 37 38 83 41 51 61 31 74 71 62 84 68 85 76 77 14 15 17 48 47 58 27 72 88 18 28 78 12 13 22 11 81 82 21 0 86 0 87 -1
0 1 -16 43 35 56 42 36 46 37 66 64 63 53 65 34 52 75 47 33 57 32 74 41 24 15 13 25 23 61 51 14 16 26 12 83 17 76 48 73 67 31 86 62 85 22 11 21 27 18 28 78 68 87 88 77 84 82 81 58 38 72 71 -1
1 1 10 43 35 46 53 64 36 65 33 34 25 52 62 32 61 42 51 24 23 41 74 63 26 71 73 83 85 37 76 66 75 86 57 84 67 48 68 13 21 16 14 15 22 11 12 56 47 38 72 31 27 28 18 17 58 78 88 82 81 0 87 77 -1
0 1 -14 43 35 56 42 36 46 25 65 57 66 64 63 76 47 58 38 37 67 75 48 28 68 78 74 34 85 33 23 53 52 32 41 13 24 83 86 14 16 15 84 87 27 61 51 62 73 31 12 71 26 72 81 82 88 18 22 17 21 11 77 -1
1 1 52 43 35 46 53 64 36 65 33 34 25 52 62 32 61 42 51 24 23 41 74 63 26 71 73 83 85 37 76 66 75 86 57 84 67 48 47 56 38 28 31 21 77 14 15 13 12 17 82 81 16 11 27 22 0 72 0 88 87 78 68 58 0 18 -1
0 0 0 43 35 56 42 36 46 37 66 64 63 53 65 34 52 75 47 33 57 32 74 41 24 15 13 25 23 61 51 14 16 26 12 83 17 76 48 73 67 31 86 62 85 22 11 21 27 18 28 68 84 38 58 87 77 88 78 82 72 81 71 -1
1 1 6 43 35 46 53 64 36 65 33 34 25 52 62 32 61 42 51 24 23 41 74 63 26 71 73 83 85 37 66 75 84 86 21 82 76 57 67 56 27 14 13 47 16 18 15 68 48 58 17 22 31 11 12 28 38 72 78 88 81 77 87 -1
0 -1 4 43 35 56 42 36 46 25 65 57 66 64 63 76 47 58 38 37 67 75 48 28 68 78 74 34 85 33 23 53 52 32 41 13 24 83 86 84 82 73 15 16 14 26 77 61 27 31 21 88 87 81 22 11 51 12 62 72 71 18 17 -1
1 1 6 43 35 46 53 64 36 65 33 34 25 52 62 32 61 42 51 24 23 41 74 63 26 71 73 83 85 37 76 66 75 86 57 84 67 48 68 13 21 16 14 15 22 11 12 56 38 47 82 31 58 72 87 28 18 78 88 77 81 0 17 27 -1
0 1 -4 43 35 56 42 36 46 37 66 64 63 53 65 34 52 75 47 33 57 32 74 41 24 58 23 14 26 76 85 61 13 12 51 15 38 25 22 68 48 28 31 83 77 67 84 11 21 27 18 86 17 16 87 88 78 62 72 82 81 73 71 -1
1 -1 -6 43 35 46 53 64 36 65 33 34 25 52 62 32 61 42 51 24 23 31 66 56 26 37 38 14 75 74 15 13 57 67 63 41 47 71 84 16 73 72 76 87 17 18 86 58 22 11 88 28 48 68 77 78 85 27 81 82 21 0 83 0 12 -1
1 1 12 43 35 46 53 64 36 65 33 34 25 52 62 32 61 42 51 24 23 41 74 63 26 71 73 83 85 37 21 72 22 82 38 27 47 17 66 84 18 16 15 56 75 57 76 67 78 11 81 31 58 13 12 14 86 48 77 88 87 68 0 28 -1
0 1 -16 43 35 56 42 36 46 37 66 64 63 53 65 34 52 76 67 75 47 33 57 74 73 32 23 24 15 38 48 61 51 31 26 62 41 27 25 84 18 28 72 14 13 58 68 22 12 11 21 77 82 81 71 83 87 86 85 88 78 16 17 -1
1 1 40 43 35 46 53 64 36 65 33 34 25 52 62 32 61 42 51 24 23 41 74 63 26 71 73 83 85 37 76 66 75 86 57 84 47 13 67 56 38 14 31 21 15 68 77 48 58 28 27 18 22 11 12 16 17 88 82 78 87 81 0 72 -1
0 -1 2 43 35 56 42 36 46 37 66 64 63 53 65 34 52 76 67 75 47 33 57 74 73 32 23 24 15 13 41 12 26 25 16 58 85 38 86 31 21 77 14 17 88 61 62 72 78 51 68 11 22 71 48 87 28 27 18 82 81 83 84 -1
1 1 14 43 35 46 53 64 36 65 33 34 25 52 62 32 61 42 51 24 23 41 74 73 63 71 47 16 56 84 14 66 75 57 31 21 37 86 68 26 15 13 76 67 58 87 85 83 77 88 78 17 72 28 12 11 22 48 38 82 81 27 18 -1
0 1 -4 43 35 56 42 36 46 37 66 64 63 53 65 34 52 76 67 75 47 33 57 74 73 32 23 24 15 13 41 12 25 62 51 83 72 58 48 38 68 78 27 28 14 22 84 85 11 82 87 61 81 86 71 88 77 17 18 16 99 26 99 21 31 -1
0 -1 2 43 35 46 53 64 36 65 33 34 25 52 56 42 66 23 75 24 73 16 63 26 15 74 17 83 12 86 32 13 14 31 41 51 62 47 37 57 84 38 27 21 82 61 85 18 87 76 58 48 71 81 72 88 68 78 28 11 22 67 77 -1
1 1 8 43 35 46 53 64 36 65 33 34 25 52 62 32 61 42 51 24 23 41 74 75 63 71 47 83 26 13 56 66 73 84 21 14 22 37 67 68 77 76 85 72 31 11 12 88 27 18 28 58 86 38 15 16 48 57 17 87 78 0 81 82 -1
0 1 -12 43 35 56 42 36 46 25 65 57 66 64 63 76 47 58 38 37 67 75 48 28 68 78 24 73 83 62 53 52 74 85 87 86 84 31 15 32 33 34 23 16 27 12 14 13 26 22 11 21 61 51 17 71 41 18 81 82 72 88 77 -1
1 1 10 43 35 46 53 64 36 65 33 34 25 52 62 32 61 42 51 24 23 41 74 75 63 71 47 83 26 13 56 66 73 84 21 14 22 37 67 68 77 76 85 72 31 11 12 88 57 86 15 27 18 28 48 16 38 58 81 82 17 0 87 78 -1
0 -1 30 43 35 46 53 64 36 65 33 34 25 24 63 56 26 15 16 17 14 13 23 37 74 83 85 42 75 62 52 61 41 12 32 31 21 84 73 86 57 67 47 51 22 48 71 82 66 58 38 11 27 28 78 81 68 88 72 76 87 77 0 18 -1
1 -1 -12 43 35 46 53 64 36 65 33 34 25 52 56 42 66 23 75 24 73 16 63 26 32 67 57 37 38 83 41 51 61 31 74 71 62 84 68 85 76 77 14 72 81 82 13 27 15 12 47 22 18 78 88 58 48 28 11 21 17 87 86 -1
0 -1 18 43 35 56 42 36 46 37 66 64 63 53 65 34 52 76 67 75 47 33 57 74 73 32 23 24 15 13 41 62 26 38 58 48 28 68 78 25 51 17 83 84 72 82 16 14 27 21 31 18 87 88 85 81 11 71 61 86 77 22 12 -1
1 -1 -16 43 33 34 53 64 35 52 65 66 61 51 41 56 62 42 32 31 21 46 63 26 75 85 36 73 47 38 16 37 83 25 24 23 13 22 57 48 68 82 58 78 84 71 81 72 74 76 77 88 67 14 11 12 86 87 15 17 28 18 27 -1
1 -1 -12 43 35 46 53 64 36 65 33 34 25 52 56 42 66 23 75 24 73 16 63 26 32 67 57 37 38 83 41 51 61 31 74 71 62 84 68 85 76 77 14 72 81 82 13 27 15 12 47 22 18 78 88 58 48 28 11 21 17 87 86 -1
1 1 14 43 35 46 53 64 36 65 33 34 25 52 62 32 61 42 51 24 23 41 74 73 63 71 47 16 56 66 14 84 75 57 31 21 37 86 68 26 15 13 76 67 58 87 85 83 77 88 78 17 72 28 12 11 22 48 38 82 81 27 18 -1
1 -1 -10 43 35 46 53 64 36 65 42 34 63 56 25 52 61 33 62 31 41 32 24 23 13 26 74 15 76 14 16 22 67 51 57 37 38 66 75 48 58 77 28 68 47 18 11 83 12 21 84 87 86 72 73 71 88 82 81 85 78 27 17 -1
0 1 -12 43 35 56 42 36 46 37 66 64 63 53 65 34 52 76 57 75 47 48 74 67 58 68 85 33 86 62 73 38 23 31 41 61 51 32 24 25 16 13 15 22 26 14 11 12 27 83 84 87 72 82 81 71 88 18 78 77 21 17 28 -1
